0.231483
0.769110
0.990733
0.677066
0.636562
0.390076
0.564888
0.433041
0.021532
0.871286
0.710377
0.018197
0.647564
0.851122
0.315724
0.368627
0.188568
0.237962
0.270964
0.228289
0.579292
0.976724
0.612809
0.028524
0.065773
0.246788
0.255826
0.192300
0.347769
0.219917
0.864050
0.105039
0.908227
0.515424
0.699893
0.472958
0.820926
0.652259
0.860879
0.332872
0.261583
0.819707
0.011725
0.786610
0.162240
0.756654
0.234708
0.633408
0.356039
0.162240
0.371454
0.692336
0.663164
0.346400
0.094846
0.065375
0.035791
0.566489
0.515424
0.243453
0.114195
0.416529
0.526550
0.666265
0.346400
0.789249
0.818484
0.785286
0.755253
0.026653
0.246788
0.114195
0.699893
0.953919
0.307982
0.211760
0.345035
0.647564
0.507501
0.601661
0.226176
0.412069
0.387184
0.763607
0.314426
0.663164
0.885074
0.775912
0.002046
0.258119
0.537708
0.471402
0.499602
0.305425
0.644427
0.584091
0.392978
0.752443
0.223031
0.809808
0.501180
0.673989
0.233629
0.690818
0.683198
0.175918
0.789249
0.074639
0.496449
0.683198
0.121307
0.244562
0.739644
0.196086
0.205782
0.166426
0.210755
0.207761
0.107421
0.949056
0.526550
0.105630
0.367218
0.047896
0.819707
0.256971
0.980845
0.938278
0.909054
0.135856
0.907396
0.324895
0.879277
0.560087
0.793178
0.845545
0.683198
0.677066
0.799652
0.614399
0.568090
0.760835
0.886024
0.936991
0.063411
0.687776
0.803490
0.561688
0.147826
0.955972
0.330201
0.427008
0.061498
0.857668
0.318329
0.885074
0.820926
0.913116
0.684726
0.147054
0.137309
0.779951
0.524959
0.422504
0.861941
0.498025
0.937637
0.686252
0.430021
0.861941
0.716315
0.289115
0.596874
0.077809
0.929592
0.568090
0.390076
0.110459
0.301614
0.686252
0.914707
0.789249
0.201864
0.274536
0.058902
0.455931
0.590485
0.195135
0.477633
0.943845
0.479194
0.015119
0.804761
0.814790
0.690818
0.218886
0.173290
0.482320
0.666265
0.072009
0.105039
0.870266
0.267422
0.675529
0.387184
0.401741
0.496449
0.798365
0.958445
0.625504
0.696877
0.716315
0.741078
0.069039
0.175918
0.862997
0.836390
0.900575
0.806029
0.305425
0.846669
0.177686
0.081090
0.832886
0.049439
0.431530
0.859813
0.529735
0.933024
0.907396
0.078271
0.920130
0.302882
0.808552
0.838705
0.824558
0.449788
0.206770
0.889775
0.751033
0.850016
0.819707
0.609627
0.556887
0.601661
0.579292
0.642856
0.698386
0.537708
0.278137
0.421007
0.732429
0.649130
0.046394
0.760835
0.206770
0.043235
0.868212
0.770477
0.574492
0.523368
0.490157
0.660056
0.628669
0.681668
0.131566
0.233629
0.421007
0.743937
0.692336
0.336901
0.252412
0.569690
0.951260
0.132274
0.866140
0.090584
0.217858
0.746785
0.861941
0.253547
0.368627
0.165582
0.342312
0.889775
0.227230
0.301614
0.203816
0.360210
0.524959
0.542498
0.636562
0.252412
0.186721
0.947928
0.649130
0.309264
0.627087
0.168122
0.598470
0.305425
0.841002
0.520188
0.026114
0.357426
0.354653
0.197041
0.365811
0.919369
0.098150
0.251281
0.309264
0.207761
0.975433
0.571291
0.764988
0.798365
0.097038
0.889775
0.577692
0.220952
0.145522
0.318329
0.886969
0.296577
0.817257
0.650695
0.252412
0.699893
0.561688
0.877308
0.960817
0.540901
0.829342
0.524959
0.667813
0.454393
0.896158
0.881228
0.783957
0.066577
0.140996
0.421007
0.330201
0.460556
0.518599
0.482320
0.759445
0.083995
0.539305
0.893451
0.558487
0.684726
0.201864
0.217858
0.823352
0.231483
0.515424
0.548890
0.580892
0.080141
0.830528
0.683198
0.205782
0.480756
0.469848
0.579292
0.579292
0.173290
0.332872
0.310550
0.266247
0.247906
0.893451
0.459013
0.118032
0.726607
0.675529
0.375713
0.035322
0.956475
0.181261
0.652259
0.653821
0.371454
0.577692
0.118681
0.752443
0.049439
0.568090
0.038219
0.887909
0.322260
0.501180
0.310550
0.983913
0.871286
0.361607
0.667813
0.152517
0.098710
0.082532
0.942029
0.301614
0.969337
0.639712
0.006332
0.756654
0.855504
0.228289
0.413554
0.922383
0.347769
0.021532
0.798365
0.085479
0.424004
0.725145
0.015119
0.346400
0.297831
0.180362
0.532923
0.689298
0.485451
0.623920
0.339600
0.335555
0.425505
0.204798
0.783957
0.513838
0.832886
0.920885
0.342312
0.311839
0.592083
0.260425
0.118681
0.328870
0.391526
0.928892
0.336901
0.934365
0.323576
0.952868
0.055358
0.047290
0.544096
0.917059
0.892539
0.262744
0.830528
0.981117
0.923125
0.501180
0.339600
0.552088
0.239054
0.935028
0.256971
0.088001
0.733878
0.593681
0.897939
0.053655
0.811059
0.670905
0.542498
0.658499
0.900575
0.982936
0.455931
0.097593
0.564888
0.759445
0.460556
0.564888
0.184888
0.350514
0.477633
0.666265
0.250153
0.760835
0.498025
0.394433
0.463647
0.973044
0.234708
0.315724
0.384301
0.909054
0.410587
0.723680
0.650695
0.179467
0.154905
0.545694
0.300350
0.760835
0.004570
0.239054
0.129462
0.384301
0.294077
0.387184
0.032838
0.487019
0.970486
0.171555
0.033723
0.775912
0.529735
0.334212
0.782625
0.838705
0.179467
0.078735
0.421007
0.824558
0.813551
0.419512
0.606442
0.302882
0.230415
0.741078
0.140996
0.161412
0.829342
0.440626
0.521777
0.351891
0.256971
0.310550
0.906560
0.094305
0.454393
0.011554
0.266247
0.707393
0.156513
0.016475
0.789249
0.262744
0.220952
0.208756
0.787931
0.427008
0.961739
0.147054
0.140253
0.707393
0.749620
0.746785
0.969337
0.047592
0.964839
0.448256
0.439105
0.300350
0.295325
0.201864
0.719268
0.138041
0.185803
0.856588
0.019940
0.953919
0.452856
0.364407
0.033723
0.265076
0.802215
0.083017
0.911505
0.615988
0.656942
0.521777
0.793178
0.751033
0.385741
0.292831
0.956973
0.146286
0.443673
0.480756
0.914707
0.300350
0.433041
0.760835
0.848905
0.111693
0.116742
0.250153
0.929592
0.135133
0.207761
0.223031
0.364407
0.390076
0.723680
0.917834
0.539305
0.208756
0.631829
0.106224
0.126013
0.433041
0.977964
0.251281
0.897939
0.730978
0.742509
0.106821
0.875319
0.728067
0.012342
0.987786
0.147826
0.057462
0.407630
0.326217
0.596874
0.463647
0.488587
0.468296
0.771841
0.482320
0.869242
0.281768
0.153310
0.976085
0.681668
0.452856
0.639712
0.876316
0.878295
0.601661
0.891623
0.338249
0.226176
0.509084
0.695365
0.211760
0.377138
0.112939
0.957468
0.451321
0.446727
0.692336
0.160588
0.704400
0.823352
0.630250
0.225124
0.973743
0.076437
0.189496
0.125332
0.157322
0.250153
0.861941
0.868212
0.466745
0.485451
0.446727
0.713351
0.964408
0.157322
0.023888
0.979443
0.178574
0.237962
0.942639
0.879277
0.587289
0.048817
0.485451
0.346400
0.301614
0.150157
0.838705
0.185803
0.636562
0.187643
0.656942
0.111075
0.835226
0.560087
0.240149
0.932347
0.116742
0.950166
0.881228
0.109235
0.434554
0.004498
0.580892
0.449788
0.993791
0.374291
0.260425
0.736767
0.194187
0.057106
0.548890
0.966939
0.131566
0.684726
0.937637
0.972331
0.831709
0.255826
0.232555
0.357426
0.609627
0.742509
0.990419
0.888845
0.846669
0.790562
0.196086
0.550489
0.806029
0.365811
0.735324
0.585690
0.564888
0.738207
0.707393
0.942029
0.579292
0.047896
0.550489
0.124654
0.269780
0.098710
0.158133
0.669360
0.340955
0.361607
0.243453
0.831709
0.430021
0.855504
0.994640
0.187643
0.095390
0.590485
0.197041
0.118032
0.843282
0.285427
0.023238
0.830528
0.221990
0.735324
0.834058
0.413554
0.255826
0.109235
0.214794
0.748204
0.531329
0.083505
0.499602
0.872301
0.342312
0.634986
0.182162
0.719268
0.040004
0.592083
0.409107
0.636562
0.622335
0.857668
0.185803
0.082532
0.795779
0.813551
0.109235
0.608035
0.226176
0.930288
0.013666
0.430021
0.463647
0.564888
0.397349
0.280554
0.170692
0.009892
0.162240
0.073753
0.669360
0.838705
0.126697
0.404681
0.941415
0.946204
0.078271
0.466745
0.566489
0.102122
0.994013
0.044077
0.904874
0.930288
0.978861
0.568090
0.683198
0.371454
0.388629
0.157322
0.515424
0.079670
0.636562
0.647564
0.472958
0.012342
0.225124
0.370039
0.163071
0.879277
0.244562
0.073753
0.816026
0.504338
0.831709
0.813551
0.024219
0.372871
0.224076
0.460556
0.890701
0.442148
0.334212
0.300350
0.587289
0.249028
0.732429
0.909054
0.372871
0.038722
0.883161
0.612809
0.845545
0.156513
0.887909
0.095390
0.384301
0.292831
0.868212
0.024386
0.771841
0.828153
0.669360
0.025410
0.307982
0.480756
0.465195
0.711865
0.636562
0.334212
0.356039
0.620750
0.732429
0.708886
0.207761
0.920885
0.057819
0.619163
0.379996
0.829342
0.171555
0.937637
0.936341
0.471402
0.091108
0.940173
0.185803
0.739644
0.545694
0.806029
0.087491
0.916280
0.627087
0.102700
0.529735
0.604849
0.135856
0.993086
0.197041
0.221990
0.924595
0.593681
0.502758
0.929592
0.764988
0.007780
0.154905
0.928188
0.454393
0.634986
0.428513
0.623920
0.166426
0.225124
0.346400
0.861941
0.807293
0.504338
0.328870
0.349140
0.950715
0.410587
0.512252
0.314426
0.419512
0.457471
0.236874
0.641285
0.693852
0.318329
0.077809
0.716315
0.710377
0.364407
0.205782
0.571291
0.272152
0.675529
0.835226
0.190428
0.323576
0.752443
0.614399
0.755253
0.661611
0.596874
0.273342
0.446727
0.178574
0.775912
0.153310
0.241247
0.786610
0.556887
0.445199
0.193242
0.147826
0.738207
0.686252
0.068210
0.760835
0.259270
0.452856
0.773201
0.843282
0.853322
0.150941
0.451321
0.427008
0.985953
0.471402
0.098710
0.310550
0.647564
0.631829
0.542498
0.548890
0.912313
0.913914
0.817257
0.689298
0.403210
0.161412
0.732429
0.191362
0.639712
0.145522
0.777261
0.124654
0.302882
0.059634
0.175918
0.007434
0.064583
0.119989
0.631829
0.332872
0.291589
0.862997
0.797074
0.041323
0.686252
0.603255
0.759445
0.284204
0.083995
0.295325
0.713351
0.346400
0.202838
0.488587
0.967753
0.074639
0.063024
0.401741
0.783957
0.778608
0.073753
0.588887
0.177686
0.182162
0.454393
0.358817
0.834058
0.614399
0.642856
0.016593
0.434554
0.534518
0.540901
0.951800
0.015784
0.397349
0.042406
0.457471
0.229350
0.223031
0.795779
0.409107
0.993328
0.550489
0.739644
0.903169
0.872301
0.446727
0.693852
0.773201
0.448256
0.660056
0.235789
0.132274
0.564888
0.969723
0.563288
0.738207
0.879277
0.131566
0.517011
0.924595
0.566489
0.370039
0.436069
0.011554
0.978565
0.410587
0.879277
0.528142
0.800935
0.521777
0.007721
0.368627
0.033278
0.149377
0.184888
0.442148
0.979443
0.725145
0.555287
0.865097
0.365811
0.702900
0.932347
0.147054
0.988900
0.431530
0.755253
0.197999
0.485451
0.517011
0.521777
0.388629
0.690818
0.412069
0.498025
0.701397
0.698386
0.098150
0.822141
0.670905
0.845545
0.446727
0.180362
0.774558
0.501180
0.255826
0.841002
0.044934
0.013765
0.644427
0.326217
0.800935
0.701397
0.881228
0.837550
0.790562
0.684726
0.030307
0.272152
0.487019
0.454393
0.764988
0.532923
0.702900
0.627087
0.035556
0.577692
0.873312
0.705898
0.603255
0.803490
0.485451
0.531329
0.028524
0.611218
0.564888
0.981117
0.235789
0.483885
0.611218
0.353271
0.243453
0.722212
0.244562
0.919369
0.116742
0.487019
0.592083
0.156513
0.614399
0.868212
0.501180
0.384301
0.418020
0.448256
0.175918
0.149377
0.084982
0.297831
0.809808
0.183976
0.999544
0.914707
0.639712
0.133698
0.650695
0.179467
0.194187
0.770477
0.202838
0.216833
0.698386
0.547292
0.832886
0.831709
0.622335
0.482320
0.687776
0.799652
0.026653
0.260425
0.494875
0.287882
0.666265
0.719268
0.002834
0.237962
0.692336
0.123979
0.363005
0.797074
0.493301
0.919369
0.145522
0.191362
0.934365
0.255826
0.391526
0.673989
0.807293
0.168122
0.916280
0.949056
0.305425
0.532923
0.273342
0.178574
0.953919
0.403210
0.783957
0.603255
0.532923
0.462101
0.831709
0.793178
0.717793
0.644427
0.105039
0.820926
0.494875
0.284204
0.964408
0.620750
0.809808
0.433041
0.579292
0.946783
0.254685
0.326217
0.512252
0.091108
0.836390
0.906560
0.907396
0.330201
0.835226
0.097593
0.716315
0.704400
0.465195
0.769110
0.214794
0.726607
0.560087
0.942029
0.595278
0.317025
0.775912
0.493301
0.378566
0.600066
0.623920
0.424004
0.291589
0.200893
0.148600
0.353271
0.966527
0.454393
0.217858
0.056753
0.118681
0.601661
0.940173
0.614399
0.006681
0.297831
0.078271
0.326217
0.230415
0.215812
0.164742
0.710377
0.455931
0.482320
0.923125
0.934365
0.995027
0.190428
0.296577
0.498025
0.066577
0.078271
0.084982
0.195135
0.471402
0.996570
0.428513
0.962193
0.590485
0.746785
0.480756
0.839856
0.824558
0.124654
0.078271
0.471402
0.960817
0.265076
0.206770
0.642856
0.413554
0.628669
0.023561
0.644427
0.191362
0.870266
0.656942
0.645996
0.381428
0.480756
0.357426
0.582491
0.335555
0.117385
0.305425
0.992450
0.054331
0.634986
0.705898
0.966111
0.979154
0.639712
0.592083
0.923862
0.258119
0.230415
0.723680
0.318329
0.168122
0.171555
0.445199
0.714834
0.798365
0.926046
0.165582
0.239054
0.914707
0.250153
0.669360
0.861941
0.390076
0.660056
0.350514
0.908227
0.872301
0.857668
0.218886
0.084982
0.309264
0.760835
0.924595
0.014690
0.345035
0.692336
0.853322
0.148600
0.392978
0.699893
0.472958
0.829342
0.968946
0.664715
0.645996
0.953919
0.259270
0.790562
0.647564
0.342312
0.209754
0.979730
0.783957
0.483885
0.136581
0.485451
0.660056
0.739644
0.655382
0.979730
0.564888
0.485451
0.628669
0.592083
0.612809
0.852225
0.319636
0.021087
0.140996
0.028717
0.566489
0.358817
0.856588
0.361607
0.698386
0.187643
0.951260
0.756654
0.603255
0.946783
0.144760
0.088001
0.132984
0.215812
0.758051
0.708886
0.178574
0.934365
0.013275
0.209754
0.205782
0.611218
0.388629
0.038470
0.065773
0.542498
0.595278
0.102700
0.702900
0.363005
0.055014
0.436069
0.237962
0.307982
0.018587
0.513838
0.789249
0.699893
0.943845
0.870266
0.845545
0.128074
0.385741
0.314426
0.986378
0.692336
0.443673
0.041056
0.860879
0.786610
0.996357
0.666265
0.826959
0.058178
0.124654
0.301614
0.845545
0.084982
0.379996
0.817257
0.587289
0.889775
0.342312
0.875319
0.367218
0.504338
0.485451
0.306702
0.465195
0.521777
0.630250
0.488587
0.185803
0.518599
0.778608
0.981117
0.609627
0.358817
0.171555
0.091634
0.164742
0.695365
0.340955
0.322260
0.141743
0.041862
0.819707
0.131566
0.752443
0.282984
0.907396
0.816026
0.955972
0.861941
0.501180
0.950166
0.353271
0.140253
0.909876
0.130862
0.667813
0.760835
0.672448
0.664715
0.719268
0.494875
0.129462
0.774558
0.306702
0.006430
0.978861
0.839856
0.825761
0.006732
0.939546
0.085978
0.251281
0.652259
0.496449
0.826959
0.733878
0.949056
0.928892
0.354653
0.367218
0.998459
0.713351
0.600066
0.345035
0.759445
0.938914
0.335555
0.996639
0.894358
0.995479
0.998868
0.767739
0.723680
0.886969
0.000963
0.482320
0.743937
0.476073
0.515424
0.245673
0.319636
0.123307
0.338249
0.403210
0.636562
0.160588
0.686252
0.196086
0.874318
0.954439
0.547292
0.537708
0.150941
0.995650
0.955465
0.488587
0.275733
0.555287
0.217858
0.832886
0.897939
0.813551
0.424004
0.003436
0.012801
0.989426
0.728067
0.284204
0.266247
0.609627
0.708886
0.652259
0.242348
0.611218
0.673989
0.384301
0.314426
0.841002
0.038722
0.236874
0.973743
0.305425
0.875319
0.596874
0.290350
0.812307
0.711865
0.623920
0.945621
0.339600
0.176800
0.778608
0.912313
0.463647
0.064190
0.563288
0.358817
0.949056
0.513838
0.028524
0.645996
0.437586
0.001793
0.705898
0.202838
0.564888
0.108628
0.904024
0.677066
0.760835
0.189496
0.278137
0.180362
0.692336
0.841002
0.276934
0.748204
0.229350
0.873312
0.555287
0.710377
0.542498
0.896158
0.258119
0.404681
0.152517
0.760835
0.401741
0.242348
0.755253
0.397349
0.384301
0.299089
0.690818
0.307982
0.422504
0.388629
0.633408
0.101547
0.593681
0.829342
0.151728
0.152517
0.223031
0.748204
0.040265
0.459013
0.663164
0.469848
0.240149
0.927478
0.998067
0.088001
0.309264
0.670905
0.002951
0.230415
0.841002
0.385741
0.926046
0.887909
0.404681
0.487019
0.356039
0.340955
0.319636
0.598470
0.282984
0.545694
0.115463
0.932347
0.182162
0.870266
0.701397
0.528142
0.552088
0.745363
0.630250
0.675529
0.690818
0.595278
0.897051
0.971969
0.628669
0.474515
0.449788
0.692336
0.431530
0.304152
0.093765
0.813551
0.650695
0.083995
0.642856
0.822141
0.480756
0.394433
0.214794
0.030307
0.230415
0.981914
0.351891
0.963091
0.574492
0.436069
0.722212
0.130160
0.604849
0.911505
0.428513
0.377138
0.751033
0.103281
0.615988
0.696877
0.406154
0.903169
0.434554
0.474515
0.973743
0.606442
0.189496
0.160588
0.753850
0.598470
0.189496
0.518599
0.756654
0.090584
0.395890
0.279344
0.726607
0.974767
0.490157
0.945033
0.701397
0.933697
0.265076
0.130160
0.678602
0.914707
0.739644
0.415040
0.539305
0.076892
0.031340
0.331535
0.281768
0.052326
0.752443
0.584091
0.112939
0.704400
0.496449
0.412069
0.434554
0.798365
0.946204
0.590485
0.814790
0.826959
0.866140
0.786610
0.000461
0.601661
0.208756
0.194187
0.093229
0.857668
0.407630
0.199925
0.858743
0.893451
0.102122
0.608035
0.253547
0.295325
0.010115
0.364407
0.816026
0.315724
0.842145
0.404681
0.030104
0.837550
0.693852
0.943845
0.789249
0.782625
0.021532
0.622335
0.449788
0.320947
0.345035
0.590485
0.717793
0.809808
0.118681
0.537708
0.675529
0.218886
0.349140
0.962193
0.299089
0.057106
0.790562
0.400275
0.058539
0.627087
0.013865
0.756654
0.371454
0.732429
0.455931
0.984617
0.895261
0.716315
0.614399
0.111075
0.807293
0.353271
0.579292
0.856588
0.895261
0.009320
0.658499
0.696877
0.800935
0.992047
0.904024
0.532923
0.704400
0.121307
0.967348
0.063411
0.675529
0.667813
0.350514
0.675529
0.164742
0.460556
0.476073
0.027951
0.326217
0.326217
0.571291
0.521777
0.292831
0.608035
0.949056
0.704400
0.323576
0.150157
0.783957
0.824558
0.100974
0.825761
0.410587
0.138041
0.690818
0.758051
0.935028
0.916280
0.795779
0.755253
0.738207
0.371454
0.630250
0.675529
0.430021
0.590485
0.814790
0.195135
0.699893
0.436069
0.811059
0.251281
0.459013
0.428513
0.529735
0.142493
0.048508
0.081090
0.746785
0.044077
0.729524
0.908227
0.270964
0.988353
0.029902
0.701397
0.198960
0.480756
0.392978
0.753850
0.258119
0.090062
0.340955
0.106224
0.655382
0.468296
0.255826
0.463647
0.763607
0.521777
0.905719
0.155708
0.961739
0.231483
0.580892
0.561688
0.965267
0.398811
0.061876
0.319636
0.803490
0.704400
0.858743
0.494875
0.584091
0.809808
0.180362
0.398811
0.101547
0.125332
0.065773
0.175039
0.627087
0.026653
0.855504
0.563288
0.758051
0.457471
0.108628
0.900575
0.707393
0.564888
0.908227
0.377138
0.091634
0.566489
0.650695
0.053655
0.169832
0.509084
0.126013
0.935028
0.280554
0.879277
0.431530
0.563288
0.627087
0.505919
0.979730
0.274536
0.066982
0.563288
0.603255
0.790562
0.974429
0.617576
0.988538
0.898823
0.785286
0.363005
0.387184
0.628669
0.716315
0.034628
0.854415
0.196086
0.736767
0.673989
0.094305
0.633408
0.933697
0.340955
0.666265
0.574492
0.980571
0.529735
0.021834
0.173290
0.347769
0.285427
0.377138
0.002371
0.431530
0.455931
0.358817
0.510668
0.816026
0.231483
0.811059
0.809808
0.471402
0.040265
0.466745
0.660056
0.203816
0.874318
0.698386
0.660056
0.270964
0.072441
0.604849
0.306702
0.641285
0.797074
0.835226
0.183976
0.374291
0.878295
0.536113
0.195135
0.334212
0.910693
0.520188
0.394433
0.534518
0.861941
0.686252
0.708886
0.923125
0.260425
0.926764
0.550489
0.439105
0.368627
0.876316
0.695365
0.729524
0.140253
0.544096
0.274536
0.201864
0.381428
0.994013
0.990097
0.173290
0.014796
0.011554
0.021087
0.509084
0.215812
0.937637
0.250153
0.468296
0.213779
0.307982
0.631829
0.480756
0.893451
0.219917
0.210755
0.431530
0.353271
0.866140
0.758051
0.168976
0.693852
0.687776
0.158948
0.169832
0.603255
0.332872
0.790562
0.652259
0.256971
0.027202
0.474515
0.622335
0.081090
0.311839
0.038975
0.563288
0.630250
0.831709
0.247906
0.192300
0.493301
0.332872
0.221990
0.673989
0.967753
0.340955
0.183976
0.462101
0.499602
0.294077
0.917834
0.858743
0.577692
0.623920
0.620750
0.726607
0.504338
0.195135
0.603255
0.580892
0.141743
0.645996
0.803490
0.263909
0.499602
0.710377
0.118032
0.016712
0.942029
0.875319
0.014376
0.381428
0.877308
0.896158
0.898823
0.804761
0.631829
0.601661
0.655382
0.774558
0.167272
0.113565
0.135133
0.619163
0.670905
0.144001
0.992962
0.183068
0.822141
0.693852
0.297831
0.427008
0.323576
0.135856
0.280554
0.149377
0.354653
0.800935
0.572891
0.060746
0.620750
0.290350
0.488587
0.890701
0.468296
0.350514
0.826959
0.406154
0.345035
0.428513
0.689298
0.006479
0.175039
0.931665
0.041862
0.987396
0.617576
0.783957
0.873312
0.455931
0.767739
0.251281
0.443673
0.129462
0.436069
0.382863
0.253547
0.711865
0.655382
0.980571
0.368627
0.953919
0.180362
0.672448
0.005908
0.406154
0.276934
0.113565
0.306702
0.630250
0.501180
0.746785
0.212768
0.996966
0.634986
0.468296
0.650695
0.719268
0.455931
0.008647
0.088001
0.286653
0.719268
0.803490
0.045223
0.539305
0.832886
0.816026
0.831709
0.050705
0.850016
0.841002
0.067799
0.158948
0.977351
0.134414
0.416529
0.577692
0.716315
0.295325
0.759445
0.812307
0.518599
0.778608
0.552088
0.135133
0.350514
0.180362
0.705898
0.627087
0.199925
0.114195
0.553688
0.847789
0.412069
0.753850
0.384301
0.736767
0.403210
0.175039
0.732429
0.267422
0.634986
0.276934
0.669360
0.102122
0.881228
0.322260
0.655382
0.394433
0.566489
0.318329
0.477633
0.735324
0.933024
0.542498
0.377138
0.409107
0.183976
0.824558
0.536113
0.568090
0.949056
0.984846
0.773201
0.250153
0.075984
0.451321
0.870266
0.332872
0.936341
0.595278
0.307982
0.079201
0.544096
0.108023
0.007605
0.739644
0.448256
0.894358
0.848905
0.892539
0.892539
0.105039
0.900575
0.901445
0.931665
0.913116
0.109235
0.710377
0.537708
0.023238
0.886024
0.077809
0.822141
0.933697
0.540901
0.214794
0.693852
0.786610
0.073314
0.436069
0.301614
0.360210
0.909054
0.764988
0.653821
0.739644
0.138041
0.494875
0.116101
0.598470
0.263909
0.908227
0.826959
0.322260
0.245673
0.536113
0.410587
0.638138
0.378566
0.678602
0.407630
0.707393
0.269780
0.292831
0.670905
0.046691
0.371454
0.841002
0.723680
0.948494
0.719268
0.978266
0.165582
0.677066
0.687776
0.093765
0.235789
0.725145
0.766365
0.667813
0.786610
0.350514
0.623920
0.476073
0.540901
0.798365
0.379996
0.241247
0.663164
0.319636
0.124654
0.469848
0.658499
0.556887
0.636562
0.006000
0.024554
0.490157
0.230415
0.268599
0.256971
0.634986
0.233629
0.047290
0.315724
0.885074
0.419512
0.309264
0.455931
0.339600
0.212768
0.568090
0.483885
0.853322
0.680136
0.839856
0.260425
0.978861
0.014796
0.907396
0.038219
0.208756
0.087491
0.763607
0.547292
0.606442
0.148600
0.561688
0.745363
0.183976
0.024386
0.163905
0.751033
0.422504
0.364407
0.910693
0.528142
0.124654
0.390076
0.680136
0.077349
0.802215
0.532923
0.363005
0.617576
0.837550
0.627087
0.943244
0.818484
0.931665
0.030923
0.066577
0.126697
0.942639
0.000000
0.544096
0.885074
0.112939
0.507501
0.504338
0.413554
0.252412
0.339600
0.476073
0.397349
0.094846
0.532923
0.213779
0.902309
0.193242
0.793178
0.826959
0.295325
0.454393
0.311839
0.052656
0.927478
0.867179
0.311839
0.354653
0.787931
0.771841
0.490157
0.413554
0.254685
0.370039
0.151728
0.126697
0.993208
0.445199
0.611218
0.560087
0.177686
0.051672
0.179467
0.493301
0.728067
0.005684
0.545694
0.371454
0.121307
0.886969
0.672448
0.468296
0.407630
0.153310
0.901445
0.950715
0.161412
0.463647
0.536113
0.258119
0.262744
0.987592
0.123307
0.818484
0.615988
0.035089
0.933024
0.642856
0.807293
0.981651
0.054671
0.769110
0.079201
0.811059
0.165582
0.695365
0.958928
0.324895
0.781290
0.556887
0.569690
0.996706
0.969723
0.177686
0.330201
0.440626
0.398811
0.998812
0.252412
0.987396
0.194187
0.250153
0.663164
0.249028
0.501180
0.140253
0.452856
0.537708
0.395890
0.469848
0.455931
0.548890
0.774558
0.985297
0.572891
0.548890
0.735324
0.332872
0.720741
0.947928
0.471402
0.135133
0.239054
0.539305
0.836390
0.113565
0.101547
0.103864
0.501180
0.274536
0.181261
0.794481
0.255826
0.936991
0.433041
0.477633
0.192300
0.870266
0.236874
0.753850
0.062257
0.215812
0.808552
0.211760
0.838705
0.996773
0.817257
0.983673
0.463647
0.370039
0.052656
0.242348
0.670905
0.673989
0.920130
0.980294
0.307982
0.106224
0.666265
0.642856
0.274536
0.534518
0.997645
0.655382
0.790562
0.103864
0.026653
0.012989
0.729524
0.240149
0.800935
0.710377
0.795779
0.370039
0.947358
0.601661
0.102122
0.956475
0.430021
0.011725
0.474515
0.005301
0.811059
0.354653
0.241247
0.309264
0.255826
0.564888
0.871286
0.026292
0.436069
0.199925
0.965691
0.406154
0.669360
0.627087
0.066174
0.407630
0.976406
0.847789
0.249028
0.144001
0.442148
0.398811
0.401741
0.993208
0.982684
0.493301
0.440626
0.401741
0.868212
0.448256
0.631829
0.773201
0.663164
0.491729
0.753850
0.789249
0.971234
0.779951
0.891623
0.002722
0.790562
0.967753
0.995816
0.972689
0.135133
0.262744
0.615988
0.855504
0.598470
0.123979
0.126013
0.745363
0.179467
0.001242
0.059634
0.707393
0.699893
0.027018
0.163905
0.881228
0.295325
0.883161
0.381428
0.677066
0.263909
0.848905
0.531329
0.155708
0.777261
0.270964
0.751033
0.560087
0.726607
0.542498
0.991483
0.896158
0.047592
0.603255
0.587289
0.677066
0.836390
0.844416
0.808552
0.255826
0.642856
0.868212
0.729524
0.093765
0.026292
0.587289
0.016475
0.213779
0.608035
0.977039
0.829342
0.595278
0.320947
0.371454
0.711865
0.960817
0.857668
0.367218
0.649130
0.358817
0.193242
0.980294
0.771841
0.886024
0.881228
0.719268
0.649130
0.160588
0.611218
0.003872
0.664715
0.347769
0.036987
0.690818
0.206770
0.377138
0.421007
0.820926
0.638138
0.406154
0.350514
0.633408
0.232555
0.574492
0.580892
0.377138
0.853322
0.406154
0.521777
0.235789
0.971969
0.954954
0.204798
0.049753
0.681668
0.232555
0.524959
0.379996
0.003223
0.582491
0.338249
0.561688
0.404681
0.354653
0.892539
0.493301
0.029902
0.186721
0.259270
0.695365
0.483885
0.418020
0.628669
0.410587
0.270964
0.052987
0.552088
0.391526
0.870266
0.439105
0.983673
0.868212
0.955972
0.395890
0.556887
0.736767
0.186721
0.786610
0.038219
0.221990
0.944441
0.246788
0.842145
0.469848
0.951260
0.536113
0.013083
0.769110
0.938278
0.852225
0.642856
0.558487
0.466745
0.764988
0.628669
0.304152
0.125332
0.890701
0.900575
0.246788
0.091108
0.778608
0.200893
0.183976
0.547292
0.968552
0.924595
0.945033
0.154905
0.173290
0.466745
0.330201
0.165582
0.246788
0.158948
0.501180
0.608035
0.576092
0.857668
0.130862
0.572891
0.296577
0.300350
0.622335
0.895261
0.949613
0.010115
0.666265
0.763607
0.507501
0.430021
0.942029
0.791872
0.184888
0.829342
0.154106
0.381428
0.756654
0.103864
0.850016
0.036027
0.716315
0.304152
0.106821
0.644427
0.808552
0.645996
0.324895
0.936991
0.729524
0.045805
0.004359
0.276934
0.800935
0.388629
0.140253
0.255826
0.553688
0.908227
0.292831
0.577692
0.346400
0.775912
0.039230
0.448256
0.692336
0.789249
0.518599
0.364407
0.670905
0.698386
0.085978
0.902309
0.418020
0.296577
0.067390
0.410587
0.290350
0.009113
0.858743
0.284204
0.954439
0.816026
0.452856
0.047290
0.455931
0.135133
0.021834
0.232555
0.300350
0.966527
0.832886
0.742509
0.633408
0.181261
0.048817
0.204798
0.235789
0.623920
0.357426
0.416529
0.963091
0.309264
0.294077
0.314426
0.612809
0.436069
0.335555
0.256971
0.256971
0.952868
0.120646
0.556887
0.622335
0.942639
0.070299
0.985953
0.825761
0.869242
0.600066
0.755253
0.971969
0.670905
0.400275
0.197999
0.871286
0.314426
0.347769
0.006430
0.681668
0.816026
0.661611
0.204798
0.437586
0.999997
0.730978
0.076437
0.903169
0.979443
0.452856
0.818484
0.973395
0.561688
0.766365
0.871286
0.391526
0.769110
0.529735
0.132984
0.521777
0.490157
0.161412
0.209754
0.318329
0.997266
0.281768
0.517011
0.403210
0.692336
0.090584
0.446727
0.542498
0.384301
0.569690
0.512252
0.534518
0.791872
0.422504
0.690818
0.940796
0.907396
0.650695
0.206770
0.777261
0.832886
0.926046
0.786610
0.483885
0.698386
0.564888
0.280554
0.306702
0.020507
0.976724
0.354653
0.722212
0.846669
0.844416
0.946204
0.260425
0.280554
0.713351
0.976724
0.955972
0.274536
0.340955
0.485451
0.555287
0.547292
0.064190
0.462101
0.771841
0.126013
0.026835
0.536113
0.291589
0.879277
0.992183
0.686252
0.790562
0.895261
0.902309
0.701397
0.226176
0.401741
0.603255
0.211760
0.267422
0.534518
0.004394
0.375713
0.684726
0.687776
0.995566
0.942029
0.007048
0.247906
0.452856
0.116101
0.545694
0.013865
0.406154
0.314426
0.962644
0.406154
0.065375
0.119334
0.025410
0.318329
0.687776
0.003576
0.320947
0.633408
0.304152
0.192300
0.798365
0.884120
0.071149
0.498025
0.876316
0.256971
0.857668
0.947928
0.185803
0.502758
0.106821
0.155708
0.755253
0.096487
0.965691
0.292831
0.086480
0.502758
0.795779
0.704400
0.129462
0.873312
0.068624
0.011811
0.890701
0.181261
0.338249
0.356039
0.770477
0.563288
0.758051
0.917059
0.904874
0.485451
0.356039
0.630250
0.641285
0.020364
0.893451
0.070723
0.800935
0.957468
0.592083
0.128766
0.263909
0.159766
0.231483
0.381428
0.195135
0.117385
0.536113
0.462101
0.975101
0.351891
0.515424
0.163071
0.132984
0.477633
0.007378
0.745363
0.698386
0.569690
0.354653
0.797074
0.491729
0.186721
0.374291
0.335555
0.710377
0.992450
0.614399
0.081569
0.163905
0.259270
0.239054
0.425505
0.020081
0.318329
0.746785
0.909876
0.949613
0.419512
0.379996
0.040791
0.580892
0.391526
0.185803
0.968155
0.132274
0.848905
0.936991
0.266247
0.959406
0.442148
0.952336
0.138041
0.004325
0.555287
0.862997
0.566489
0.002766
0.655382
0.540901
0.839856
0.122637
0.574492
0.729524
0.993446
0.252412
0.469848
0.375713
0.224076
0.645996
0.672448
0.291589
0.807293
0.896158
0.717793
0.300350
0.044077
0.005684
0.649130
0.986586
0.600066
0.838705
0.090584
0.995734
0.422504
0.507501
0.192300
0.387184
0.910693
0.876316
0.913116
0.385741
0.675529
0.917059
0.208756
0.227230
0.179467
0.512252
0.322260
0.203816
0.253547
0.861941
0.526550
0.880255
0.753850
0.291589
0.183068
0.434554
0.226176
0.276934
0.231483
0.778608
0.128766
0.069457
0.275733
0.899701
0.382863
0.858743
0.791872
0.574492
0.899701
0.824558
0.722212
0.887909
0.649130
0.342312
0.215812
0.669360
0.008265
0.736767
0.847789
0.462101
0.775912
0.048508
0.687776
0.521777
0.705898
0.332872
0.313131
0.891623
0.940796
0.147826
0.595278
0.442148
0.577692
0.157322
0.347769
0.024893
0.814790
0.933024
0.873312
0.285427
0.391526
0.016242
0.751033
0.419512
0.979443
0.014480
0.363005
0.804761
0.897051
0.942639
0.077349
0.775912
0.394433
0.710377
0.165582
0.576092
0.902309
0.913914
0.398811
0.667813
0.767739
0.006093
0.811059
0.197999
0.132274
0.079201
0.552088
0.593681
0.428513
0.539305
0.836390
0.174163
0.412069
0.412069
0.433041
0.266247
0.165582
0.305425
0.670905
0.794481
0.330201
0.995650
0.951260
0.930288
0.518599
0.172421
0.899701
0.928188
0.331535
0.964839
0.710377
0.418020
0.938278
0.753850
0.713351
0.653821
0.023238
0.720741
0.609627
0.710377
0.295325
0.689298
0.169832
0.995027
0.878295
0.973044
0.251281
0.179467
0.582491
0.269780
0.504338
0.292831
0.236874
0.110459
0.260425
0.708886
0.542498
0.588887
0.163905
0.090062
0.089026
0.641285
0.387184
0.427008
0.864050
0.976085
0.868212
0.216833
0.307982
0.820926
0.430021
0.669360
0.246788
0.690818
0.603255
0.981651
0.491729
0.800935
0.574492
0.118681
0.490157
0.957959
0.425505
0.317025
0.437586
0.343672
0.733878
0.644427
0.509084
0.767739
0.847789
0.379996
0.363005
0.656942
0.121307
0.770477
0.455931
0.023888
0.952868
0.515424
0.107421
0.460556
0.244562
0.820926
0.237962
0.010576
0.699893
0.368627
0.698386
0.952868
0.830528
0.539305
0.917834
0.949613
0.537708
0.714834
0.076437
0.981385
0.520188
0.024219
0.620750
0.842145
0.595278
0.532923
0.547292
0.729524
0.855504
0.451321
0.826959
0.795779
0.537708
0.909054
0.587289
0.748204
0.934365
0.081569
0.272152
0.976085
0.707393
0.059267
0.631829
0.430021
0.964408
0.318329
0.553688
0.965267
0.476073
0.568090
0.290350
0.153310
0.430021
0.304152
0.074639
0.011639
0.427008
0.967348
0.443673
0.569690
0.879277
0.282984
0.886024
0.764988
0.592083
0.235789
0.037722
0.850016
0.898823
0.260425
0.058902
0.888845
0.992962
0.404681
0.782625
0.157322
0.472958
0.604849
0.259270
0.993678
0.909876
0.977351
0.306702
0.547292
0.274536
0.749620
0.582491
0.710377
0.600066
0.711865
0.604849
0.261583
0.977039
0.340955
0.695365
0.074639
0.661611
0.652259
0.633408
0.027951
0.545694
0.281768
0.974767
0.322260
0.177686
0.044077
0.845545
0.323576
0.262744
0.540901
0.105039
0.102700
0.205782
0.197999
0.109846
0.428513
0.571291
0.704400
0.924595
0.663164
0.246788
0.437586
0.021235
0.158133
0.532923
0.733878
0.534518
0.477633
0.469848
0.666265
0.428513
0.943845
0.606442
0.097593
0.206770
0.990419
0.149377
0.636562
0.650695
0.278137
0.678602
0.846669
0.121307
0.003072
0.948494
0.623920
0.861941
0.856588
0.771841
0.045805
0.051672
0.017072
0.869242
0.406154
0.684726
0.178574
0.537708
0.083995
0.921637
0.419512
0.716315
0.347769
0.831709
0.900575
0.658499
0.072876
0.297831
0.273342
0.119989
0.507501
0.027018
0.108023
0.814790
0.276934
0.521777
0.125332
0.064978
0.710377
0.144760
0.297831
0.582491
0.749620
0.909054
0.084982
0.633408
0.367218
0.469848
0.330201
0.650695
0.388629
0.920130
0.889775
0.974088
0.803490
0.838705
0.300350
0.850016
0.526550
0.663164
0.063024
0.270964
0.867179
0.112314
0.212768
0.760835
0.755253
0.785286
0.401741
0.690818
0.897939
0.381428
0.212768
0.738207
0.515424
0.476073
0.785286
0.563288
0.855504
0.945033
0.407630
0.902309
0.346400
0.239054
0.568090
0.848905
0.534518
0.005384
0.580892
0.244562
0.798365
0.977039
0.310550
0.247906
0.989932
0.077809
0.371454
0.332872
0.119989
0.269780
0.693852
0.340955
0.839856
0.281768
0.735324
0.814790
0.089543
0.404681
0.708886
0.491729
0.455931
0.510668
0.976085
0.306702
0.705898
0.270964
0.766365
0.354653
0.995977
0.214794
0.498025
0.835226
0.322260
0.920885
0.989426
0.474515
0.767739
0.404681
0.631829
0.425505
0.428513
0.202838
0.638138
0.425505
0.016475
0.889775
0.699893
0.942639
0.491729
0.479194
0.826959
0.716315
0.029702
0.250153
0.260425
0.285427
0.708886
0.548890
0.711865
0.901445
0.558487
0.795779
0.871286
0.886024
0.284204
0.540901
0.060374
0.795779
0.732429
0.702900
0.708886
0.645996
0.687776
0.681668
0.026114
0.017941
0.866140
0.131566
0.382863
0.793178
0.556887
0.529735
0.617576
0.798365
0.000778
0.973395
0.921637
0.953396
0.857668
0.641285
0.686252
0.592083
0.762223
0.090062
0.908227
0.547292
0.452856
0.555287
0.625504
0.357426
0.477633
0.560087
0.154106
0.082049
0.713351
0.474515
0.532923
0.974429
0.398811
0.065375
0.360210
0.786610
0.331535
0.954439
0.584091
0.144001
0.036987
0.933697
0.915496
0.952868
0.918604
0.523368
0.175918
0.504338
0.723680
0.206770
0.576092
0.797074
0.037231
0.980294
0.909876
0.536113
0.649130
0.278137
0.888845
0.588887
0.077809
0.213779
0.338249
0.368627
0.619163
0.332872
0.270964
0.738207
0.412069
0.642856
0.479194
0.353271
0.335555
0.055014
0.523368
0.987197
0.804761
0.156513
0.483885
0.294077
0.262744
0.463647
0.871286
0.988720
0.381428
0.790562
0.286653
0.817257
0.149377
0.160588
0.205782
0.528142
0.822141
0.743937
0.836390
0.544096
0.604849
0.704400
0.808552
0.126013
0.335555
0.159766
0.371454
0.227230
0.987197
0.550489
0.705898
0.627087
0.834058
0.710377
0.439105
0.483885
0.851122
0.469848
0.672448
0.416529
0.608035
0.199925
0.143245
0.125332
0.160588
0.109235
0.459013
0.412069
0.083017
0.212768
0.746785
0.532923
0.391526
0.876316
0.641285
0.603255
0.704400
0.198960
0.480756
0.273342
0.692336
0.334212
0.442148
0.052656
0.132274
0.462101
0.103281
0.103864
0.742509
0.315724
0.292831
0.684726
0.841002
0.983673
0.622335
0.555287
0.163905
0.975101
0.050386
0.909876
0.124654
0.653821
0.732429
0.245673
0.698386
0.877308
0.078735
0.187643
0.314426
0.860879
0.198960
0.989426
0.655382
0.142493
0.358817
0.843282
0.528142
0.183976
0.254685
0.707393
0.138041
0.630250
0.314426
0.838705
0.000892
0.498025
0.431530
0.072876
0.798365
0.852225
0.872301
0.173290
0.596874
0.330201
0.310550
0.542498
0.296577
0.759445
0.241247
0.576092
0.553688
0.477633
0.800935
0.822141
0.917059
0.791872
0.196086
0.278137
0.663164
0.678602
0.334212
0.584091
0.753850
0.677066
0.783957
0.751033
0.224076
0.542498
0.625504
0.510668
0.421007
0.943845
0.020081
0.095937
0.795779
0.781290
0.897939
0.608035
0.274536
0.652259
0.083017
0.243453
0.320947
0.716315
0.574492
0.101547
0.483885
0.897051
0.956475
0.897051
0.592083
0.658499
0.520188
0.406154
0.997593
0.965267
0.680136
0.244562
0.904024
0.410587
0.672448
0.205782
0.746785
0.869242
0.655382
0.812307
0.474515
0.968552
0.090062
0.580892
0.379996
0.582491
0.577692
0.571291
0.596874
0.956973
0.100974
0.494875
0.717793
0.421007
0.319636
0.419512
0.374291
0.845545
0.521777
0.600066
0.652259
0.876316
0.904874
0.149377
0.412069
0.738207
0.466745
0.601661
0.336901
0.243453
0.139513
0.794481
0.300350
0.949056
0.196086
0.861941
0.620750
0.580892
0.986792
0.746785
0.317025
0.186721
0.904874
0.529735
0.749620
0.078735
0.630250
0.855504
0.960351
0.948494
0.569690
0.910693
0.981385
0.534518
0.398811
0.014585
0.226176
0.490157
0.911505
0.681668
0.843282
0.642856
0.926764
0.289115
0.410587
0.633408
0.896158
0.520188
0.188568
0.956475
0.902309
0.410587
0.319636
0.895261
0.430021
0.678602
0.235789
0.171555
0.211760
0.579292
0.016475
0.823352
0.758051
0.576092
0.025936
0.790562
0.234708
0.843282
0.832886
0.641285
0.664715
0.886969
0.843282
0.779951
0.424004
0.733878
0.045223
0.477633
0.403210
0.725145
0.764988
0.499602
0.035791
0.187643
0.585690
0.496449
0.689298
0.006732
0.936991
0.014796
0.752443
0.186721
0.490157
0.944441
0.364407
0.496449
0.377138
0.536113
0.445199
0.002352
0.672448
0.406154
0.858743
0.232555
0.894358
0.311839
0.186721
0.311839
0.428513
0.870266
0.937637
0.502758
0.523368
0.138775
0.378566
0.751033
0.245673
0.483885
0.368627
0.980013
0.338249
0.733878
0.935687
0.100974
0.813551
0.771841
0.439105
0.236874
0.233629
0.156513
0.647564
0.040527
0.745363
0.823352
0.611218
0.786610
0.137309
0.999261
0.075984
0.072009
0.720741
0.711865
0.346400
0.888845
0.490157
0.786610
0.330201
0.832886
0.491729
0.542498
0.471402
0.224076
0.775912
0.191362
0.645996
0.510668
0.225124
0.520188
0.387184
0.816026
0.836390
0.673989
0.841002
0.114828
0.229350
0.010115
0.978266
0.328870
0.313131
0.921637
0.976724
0.963534
0.428513
0.114828
0.023078
0.588887
0.211760
0.317025
0.259270
0.387184
0.370039
0.082049
0.818484
0.455931
0.290350
0.756654
0.154106
0.767739
0.006283
0.335555
0.642856
0.409107
0.986167
0.684726
0.332872
0.577692
0.412069
0.755253
0.180362
0.322260
0.219917
0.755253
0.926764
0.886024
0.096487
0.526550
0.364407
0.006784
0.439105
0.985953
0.485451
0.472958
0.943845
0.310550
0.818484
0.150157
0.062257
0.342312
0.834058
0.014796
0.044934
0.767739
0.227230
0.907396
0.274536
0.836390
0.928892
0.130862
0.228289
0.831709
0.154106
0.322260
0.281768
0.231483
0.680136
0.334212
0.726607
0.382863
0.253547
0.483885
0.534518
0.997379
0.120646
0.868212
0.259270
0.375713
0.053655
0.673989
0.839856
0.510668
0.243453
0.745363
0.442148
0.803490
0.466745
0.924595
0.060746
0.439105
0.820926
0.561688
0.832886
0.235789
0.588887
0.018069
0.572891
0.620750
0.183068
0.437586
0.054331
0.097038
0.416529
0.108628
0.031340
0.375713
0.319636
0.242348
0.175039
0.494875
0.656942
0.878295
0.448256
0.838705
0.736767
0.163071
0.302882
0.496449
0.865097
0.895261
0.237962
0.346400
0.134414
0.409107
0.446727
0.230415
0.808552
0.650695
0.363005
0.284204
0.313131
0.170692
0.195135
0.769110
0.198960
0.255826
0.588887
0.296577
0.358817
0.520188
0.647564
0.005597
0.130862
0.318329
0.975433
0.650695
0.335555
0.156513
0.537708
0.263909
0.944441
0.116742
0.436069
0.617576
0.091634
0.507501
0.834058
0.112939
0.884120
0.580892
0.681668
0.603255
0.649130
0.215812
0.106224
0.349140
0.255826
0.390076
0.872301
0.209754
0.036504
0.799652
0.267422
0.920130
0.779951
0.702900
0.440626
0.226176
0.183976
0.270964
0.907396
0.230415
0.430021
0.245673
0.174163
0.027202
0.281768
0.233629
0.909876
0.047896
0.598470
0.148600
0.183976
0.004981
0.692336
0.258119
0.374291
0.819707
0.424004
0.000840
0.242348
0.243453
0.142493
0.874318
0.622335
0.601661
0.139513
0.148600
0.680136
0.372871
0.790562
0.216833
0.313131
0.767739
0.760835
0.678602
0.225124
0.701397
0.482320
0.152517
0.070299
0.817257
0.814790
0.771841
0.175918
0.577692
0.738207
0.770477
0.215812
0.576092
0.769110
0.416529
0.140253
0.951260
0.300350
0.601661
0.782625
0.995027
0.123307
0.781290
0.980013
0.313131
0.323576
0.430021
0.996706
0.577692
0.199925
0.692336
0.953396
0.596874
0.215812
0.563288
0.649130
0.825761
0.011469
0.576092
0.114828
0.720741
0.290350
0.428513
0.003249
0.391526
0.978266
0.260425
0.690818
0.883161
0.073753
0.292831
0.926764
0.287882
0.603255
0.526550
0.205782
0.510668
0.897051
0.619163
0.142493
0.194187
0.326217
0.455931
0.330201
0.846669
0.451321
0.323576
0.259270
0.462101
0.055358
0.059267
0.690818
0.917059
0.268599
0.973395
0.539305
0.183976
0.933024
0.716315
0.048201
0.278137
0.634986
0.068624
0.762223
0.140253
0.860879
0.814790
0.666265
0.652259
0.040004
0.347769
0.951260
0.800935
0.106224
0.814790
0.762223
0.738207
0.498025
0.759445
0.345035
0.244562
0.636562
0.639712
0.612809
0.910693
0.028141
0.079670
0.781290
0.334212
0.437586
0.893451
0.367218
0.105630
0.469848
0.580892
0.723680
0.783957
0.528142
0.177686
0.994836
0.465195
0.806029
0.512252
0.817257
0.051998
0.459013
0.890701
0.726607
0.940796
0.829342
0.232555
0.830528
0.378566
0.347769
0.214794
0.202838
0.361607
0.558487
0.526550
0.050386
0.155708
0.121307
0.505919
0.381428
0.214794
0.956475
0.153310
0.830528
0.251281
0.023561
0.793178
0.896158
0.645996
0.897939
0.705898
0.071578
0.504338
0.328870
0.498025
0.040004
0.462101
0.692336
0.716315
0.619163
0.249028
0.335555
0.269780
0.881228
0.460556
0.953396
0.468296
0.254685
0.619163
0.498025
0.998233
0.518599
0.917834
0.996133
0.894358
0.252412
0.371454
0.795779
0.745363
0.280554
0.454393
0.062640
0.195135
0.027762
0.182162
0.666265
0.766365
0.360210
0.699893
0.992450
0.612809
0.234708
0.664715
0.910693
0.244562
0.950715
0.720741
0.789249
0.182162
0.606442
0.782625
0.563288
0.692336
0.855504
0.504338
0.684726
0.656942
0.026114
0.526550
0.979730
0.699893
0.136581
0.819707
0.865097
0.076892
0.179467
0.082049
0.666265
0.552088
0.253547
0.917059
0.460556
0.644427
0.860879
0.991189
0.875319
0.552088
0.614399
0.983184
0.687776
0.415040
0.335555
0.258119
0.876316
0.272152
0.507501
0.830528
0.800935
0.655382
0.771841
0.661611
0.719268
0.491729
0.493301
0.921637
0.443673
0.268599
0.167272
0.969337
0.714834
0.496449
0.993208
0.118681
0.031974
0.476073
0.705898
0.921637
0.520188
0.363005
0.825761
0.295325
0.666265
0.645996
0.347769
0.695365
0.026835
0.111075
0.049439
0.532923
0.934365
0.779951
0.895261
0.920130
0.856588
0.302882
0.988538
0.437586
0.958445
0.584091
0.138041
0.971603
0.564888
0.729524
0.742509
0.713351
0.738207
0.515424
0.066982
0.231483
0.465195
0.556887
0.708886
0.667813
0.961280
0.660056
0.042133
0.439105
0.250153
0.603255
0.043514
0.875319
0.440626
0.463647
0.069457
0.766365
0.971234
0.785286
0.658499
0.876316
0.584091
0.704400
0.112939
0.764988
0.656942
0.880255
0.055704
0.152517
0.860879
0.507501
0.379996
0.846669
0.020364
0.142493
0.050068
0.517011
0.798365
0.367218
0.234708
0.968946
0.168976
0.560087
0.392978
0.442148
0.213779
0.984150
0.493301
0.000126
0.375713
0.010041
0.739644
0.619163
0.230415
0.670905
0.862997
0.705898
0.748204
0.580892
0.729524
0.572891
0.790562
0.448256
0.297831
0.536113
0.843282
0.928188
0.641285
0.523368
0.058178
0.585690
0.763607
0.560087
0.842145
0.106224
0.766365
0.944441
0.787931
0.927478
0.634986
0.713351
0.322260
0.625504
0.942029
0.548890
0.638138
0.794481
0.922383
0.510668
0.340955
0.404681
0.858743
0.746785
0.245673
0.714834
0.009892
0.753850
0.026472
0.102122
0.299089
0.948494
0.923125
0.493301
0.345035
0.111693
0.660056
0.207761
0.795779
0.368627
0.437586
0.641285
0.112939
0.606442
0.926764
0.013966
0.377138
0.553688
0.920885
0.687776
0.190428
0.904874
0.983430
0.320947
0.819707
0.856588
0.952336
0.806029
0.710377
0.552088
0.445199
0.493301
0.072876
0.436069
0.749620
0.357426
0.704400
0.265076
0.683198
0.394433
0.571291
0.596874
0.131566
0.547292
0.588887
0.585690
0.812307
0.017689
0.609627
0.935687
0.048508
0.342312
0.171555
0.542498
0.175918
0.891623
0.595278
0.970862
0.696877
0.099837
0.661611
0.430021
0.826959
0.902309
0.409107
0.916280
0.019663
0.016126
0.556887
0.875319
0.317025
0.028912
0.817257
0.656942
0.017815
0.975433
0.900575
0.728067
0.540901
0.924595
0.057106
0.692336
0.804761
0.708886
0.433041
0.126697
0.008203
0.822141
0.290350
0.909876
0.309264
0.449788
0.014690
0.738207
0.764988
0.445199
0.853322
0.105039
0.804761
0.555287
0.634986
0.828153
0.858743
0.859813
0.979443
0.229350
0.945033
0.190428
0.515424
0.615988
0.696877
0.537708
0.641285
0.848905
0.375713
0.710377
0.915496
0.217858
0.401741
0.466745
0.226176
0.660056
0.347769
0.968155
0.504338
0.147054
0.183976
0.278137
0.928892
0.847789
0.353271
0.048817
0.379996
0.392978
0.908227
0.328870
0.088001
0.893451
0.553688
0.677066
0.275733
0.968946
0.995120
0.003172
0.446727
0.324895
0.243453
0.436069
0.726607
0.196086
0.377138
0.532923
0.442148
0.609627
0.330201
0.189496
0.895261
0.818484
0.517011
0.889775
0.221990
0.759445
0.649130
0.211760
0.619163
0.658499
0.885074
0.918604
0.746785
0.154106
0.174163
0.531329
0.683198
0.215812
0.162240
0.002097
0.274536
0.368627
0.917059
0.620750
0.515424
0.926046
0.272152
0.735324
0.978266
0.702900
0.790562
0.353271
0.582491
0.660056
0.848905
0.890701
0.210755
0.976724
0.108023
0.804761
0.520188
0.986586
0.378566
0.504338
0.687776
0.818484
0.544096
0.841002
0.587289
0.600066
0.244562
0.951260
0.628669
0.736767
0.958928
0.582491
0.273342
0.381428
0.743937
0.391526
0.350514
0.603255
0.431530
0.305425
0.569690
0.716315
0.437586
0.673989
0.318329
0.681668
0.670905
0.212768
0.330201
0.913914
0.531329
0.189496
0.638138
0.846669
0.212768
0.297831
0.631829
0.253547
0.540901
0.357426
0.287882
0.683198
0.398811
0.767739
0.908227
0.434554
0.075085
0.069457
0.304152
0.888845
0.786610
0.463647
0.256971
0.876316
0.209754
0.764988
0.297831
0.600066
0.335555
0.844416
0.725145
0.580892
0.699893
0.391526
0.512252
0.457471
0.342312
0.193242
0.199925
0.460556
0.939546
0.507501
0.736767
0.139513
0.781290
0.126013
0.217858
0.548890
0.038470
0.756654
0.693852
0.933024
0.394433
0.374291
0.240149
0.555287
0.397349
0.572891
0.434554
0.079201
0.465195
0.900575
0.904874
0.814790
0.050705
0.109846
0.672448
0.164742
0.838705
0.566489
0.227230
0.536113
0.182162
0.416529
0.787931
0.536113
0.903169
0.582491
0.188568
0.741078
0.147826
0.673989
0.778608
0.026472
0.378566
0.502758
0.163071
0.949056
0.240149
0.793178
0.081569
0.663164
0.169832
0.943845
0.666265
0.254685
0.620750
0.574492
0.199925
0.487019
0.505919
