0.666812
0.395808
0.772524
0.463966
0.587337
0.666812
0.279468
0.470928
0.485184
0.971599
0.167721
0.015780
0.660289
0.864631
0.024203
0.785107
0.275743
0.637816
0.941971
0.080016
0.348981
0.217085
0.966756
0.753495
0.956034
0.973079
0.836299
0.002023
0.456144
0.307827
0.485880
0.540300
0.714018
0.891617
0.529652
0.508540
0.281501
0.671594
0.285214
0.462487
0.660289
0.443865
0.273337
0.089818
0.105036
0.493529
0.827738
0.902162
0.241517
0.556315
0.753495
0.258477
0.477628
0.941971
0.002656
0.926732
0.736493
0.922709
0.417058
0.982334
0.607844
0.590109
0.094881
0.416304
0.926732
0.040182
0.019109
0.688351
0.810676
0.337343
0.119862
0.699226
0.405842
0.405844
0.863736
0.780658
0.734157
0.264592
0.823245
0.739444
0.915077
0.181171
0.915077
0.727632
0.464059
0.543006
0.417840
0.504561
0.510825
0.234595
0.772030
0.352014
0.752425
0.421294
0.438301
0.541053
0.538884
0.827738
0.006068
0.356919
0.584495
0.941971
0.810619
0.231939
0.265602
0.816606
0.734157
0.595261
0.607844
0.023476
0.922709
0.337076
0.697743
0.793435
0.132097
0.523075
0.810676
0.685466
0.538884
0.517354
0.810676
0.717798
0.046347
0.873837
0.738599
0.404782
0.779094
0.760062
0.069972
0.315575
0.971599
0.139000
0.133228
0.473904
0.599182
0.523075
0.237304
0.128213
0.714018
0.423693
0.147010
0.154219
0.633012
0.669662
0.214079
0.423693
0.309184
0.033632
0.239366
0.736493
0.471837
0.458483
0.831520
0.663885
0.566569
0.287541
0.003877
0.753495
0.307055
0.666812
0.189696
0.286995
0.430800
0.468220
0.610840
0.209143
0.640031
0.348981
0.873837
0.359774
0.192643
0.584495
0.144086
0.354568
0.886893
0.807744
0.485184
0.065908
0.998852
0.945328
0.842260
0.511000
0.562615
0.699226
0.968959
0.592225
0.434424
0.231939
0.392264
0.696398
0.030181
0.886893
0.607844
0.305424
0.096960
0.267911
0.139524
0.585490
0.780658
0.849809
0.075911
0.239803
0.350975
0.929389
0.595320
0.056829
0.991461
0.902162
0.902162
0.344736
0.251404
0.166507
0.023200
0.316545
0.123870
0.717798
0.827738
0.296409
0.404782
0.584495
0.297324
0.138259
0.505984
0.504561
0.153236
0.228170
0.697743
0.291390
0.753495
0.202443
0.052184
0.714018
0.831520
0.944572
0.891617
0.982334
0.590109
0.161852
0.982334
0.768129
0.827738
0.971599
0.057340
0.941971
0.205664
0.049673
0.247267
0.973079
0.864631
0.430800
0.326285
0.019263
0.713703
0.403296
0.555331
0.392264
0.307827
0.458483
0.647852
0.791646
0.280076
0.632210
0.504561
0.397033
0.430800
0.699226
0.816606
0.254798
0.460290
0.959573
0.035382
0.015072
0.945328
0.423693
0.196752
0.030184
0.189059
0.317730
0.498547
0.760062
0.348336
0.125570
0.148482
0.254798
0.727632
0.196452
0.164829
0.529652
0.352014
0.599182
0.505984
0.713111
0.242415
0.642319
0.781445
0.511000
0.982334
0.543006
0.780658
0.941971
0.337343
0.863736
0.010462
0.651213
0.421294
0.181351
0.919397
0.216245
0.930634
0.348107
0.035708
0.468220
0.273428
0.982334
0.254281
0.929389
0.405842
0.392264
0.503208
0.756422
0.245041
0.527343
0.368187
0.827738
0.772030
0.816606
0.523075
0.789799
0.064088
0.103094
0.590109
0.465650
0.030018
0.609676
0.752425
0.941971
0.968959
0.149923
0.768129
0.644372
0.956034
0.315575
0.199771
0.265602
0.180254
0.462487
0.926732
0.023573
0.762169
0.547822
0.556315
0.959573
0.159965
0.262903
0.190319
0.615649
0.849809
0.634087
0.810619
0.179789
0.421294
0.205989
0.036927
0.640031
0.756422
0.237304
0.781445
0.956034
0.185233
0.443865
0.288602
0.237016
0.287541
0.688351
0.842260
0.529652
0.456144
0.944572
0.543480
0.541053
0.407307
0.323070
0.632210
0.713111
0.539983
0.050619
0.167214
0.305348
0.305348
0.422988
0.789799
0.014308
0.739444
0.152823
0.198176
0.112854
0.430800
0.139194
0.944572
0.538884
0.831520
0.620362
0.685466
0.902162
0.966756
0.021460
0.331104
0.238147
0.237304
0.823245
0.919397
0.480442
0.138259
0.551805
0.713111
0.525447
0.607844
0.671594
0.835996
0.337343
0.575299
0.772524
0.016798
0.864631
0.779094
0.111795
0.713703
0.153236
0.697743
0.326729
0.279372
0.768129
0.823245
0.736493
0.407307
0.685466
0.991461
0.378137
0.827738
0.320701
0.739444
0.400208
0.968959
0.655390
0.944572
0.037361
0.525447
0.587337
0.922709
0.930634
0.810619
0.638424
0.998852
0.036719
0.915077
0.430800
0.772030
0.644372
0.359774
0.337131
0.019278
0.959573
0.515650
0.150629
0.779094
0.168386
0.527276
0.510825
0.352072
0.512508
0.714018
0.866611
0.739444
0.069555
0.760434
0.465650
0.642319
0.445310
0.739444
0.772030
0.462487
0.079525
0.395808
0.088636
0.352072
0.173514
0.043916
0.902162
0.231385
0.838683
0.178135
0.827738
0.470928
0.836299
0.827738
0.323070
0.863736
0.054948
0.462487
0.423693
0.696398
0.180254
0.717798
0.539983
0.555331
0.463966
0.423693
0.973079
0.286206
0.671594
0.568062
0.886893
0.181351
0.699843
0.493500
0.781445
0.849809
0.173514
0.831520
0.933848
0.102086
0.003321
0.099041
0.620362
0.468220
0.736493
0.756422
0.300930
0.033745
0.485880
0.584495
0.944572
0.713703
0.587337
0.562615
0.182653
0.835996
0.029271
0.538884
0.699226
0.378137
0.164713
0.768129
0.919397
0.666812
0.810619
0.696398
0.167721
0.117434
0.941971
0.671594
0.372157
0.423693
0.956034
0.880852
0.941971
0.699843
0.458483
0.115176
0.717798
0.286995
0.175645
0.036990
0.595261
0.556315
0.727632
0.471837
0.800573
0.810676
0.498547
0.511000
0.556315
0.480442
0.619363
0.504561
0.864631
0.458483
0.271145
0.180254
0.780949
0.922709
0.835996
0.353726
0.455287
0.378137
0.607844
0.321337
0.368187
0.257708
0.573798
0.810676
0.713703
0.029906
0.246410
0.392264
0.254798
0.438605
0.146382
0.968959
0.587648
0.238841
0.132769
0.883737
0.849809
0.075538
0.030739
0.716493
0.258477
0.232753
0.094111
0.734157
0.926732
0.517354
0.600502
0.005670
0.434424
0.991461
0.485184
0.547822
0.407307
0.619363
0.933848
0.258477
0.144324
0.217554
0.237016
0.273428
0.517354
0.245841
0.926732
0.637816
0.575299
0.477628
0.193849
0.213782
0.348336
0.772030
0.389620
0.130107
0.359774
0.393954
0.696398
0.640031
0.922709
0.445310
0.195416
0.579298
0.933848
0.562972
0.005866
0.202403
0.337343
0.349200
0.328533
0.438301
0.889424
0.493585
0.517706
0.220240
0.511000
0.202443
0.268117
0.485184
0.127117
0.644372
0.051998
0.436593
0.465230
0.149798
0.507755
0.713636
0.465230
0.007833
0.991461
0.508615
0.929389
0.902162
0.171496
0.562972
0.945328
0.096170
0.480442
0.305424
0.102531
0.739444
0.615649
0.130644
0.968959
0.523075
0.055967
0.328533
0.177969
0.971599
0.808644
0.445987
0.640031
0.696398
0.313025
0.827738
0.669662
0.919397
0.697743
0.071966
0.320701
0.640031
0.463966
0.595320
0.455287
0.816606
0.262903
0.929389
0.105171
0.078407
0.607844
0.297791
0.528980
0.175203
0.242631
0.029392
0.354568
0.377716
0.982334
0.157793
0.507755
0.356919
0.273747
0.826219
0.372614
0.460990
0.347549
0.602832
0.620362
0.396232
0.842260
0.551805
0.679171
0.836299
0.155140
0.256103
0.023299
0.547822
0.212912
0.808644
0.886893
0.734157
0.059881
0.099389
0.149182
0.146883
0.699843
0.392264
0.212434
0.158061
0.143623
0.816606
0.182689
0.009713
0.527343
0.465650
0.568417
0.541053
0.246293
0.738212
0.982334
0.131319
0.866611
0.123423
0.562615
0.498547
0.566569
0.810676
0.273747
0.350975
0.517706
0.367804
0.873837
0.405844
0.696398
0.739444
0.480442
0.762169
0.602832
0.753495
0.396117
0.866611
0.545063
0.438605
0.556315
0.945328
0.529652
0.971599
0.014196
0.143623
0.966756
0.242631
0.131319
0.734157
0.736493
0.619363
0.756422
0.279372
0.212912
0.575299
0.460990
0.508540
0.883737
0.793435
0.671594
0.443865
0.149923
0.094881
0.279711
0.247701
0.101959
0.543006
0.080842
0.460990
0.241517
0.154877
0.651213
0.431455
0.842260
0.926732
0.189013
0.315721
0.132769
0.504561
0.342859
0.084338
0.314105
0.523075
0.941971
0.660289
0.902162
0.167233
0.651213
0.973079
0.069192
0.683758
0.669662
0.600502
0.115176
0.314105
0.779094
0.424458
0.237016
0.991461
0.998852
0.509658
0.281501
0.826219
0.347037
0.258477
0.956034
0.403296
0.508540
0.922709
0.738212
0.417840
0.493585
0.159217
0.587648
0.103912
0.196752
0.286995
0.269553
0.545063
0.915077
0.039304
0.293817
0.262903
0.039971
0.163916
0.991461
0.699843
0.422988
0.609477
0.568062
0.810676
0.147010
0.714018
0.669662
0.064383
0.309184
0.353726
0.886893
0.328533
0.064446
0.760062
0.205183
0.438301
0.655390
0.443865
0.024651
0.053949
0.431455
0.049287
0.780949
0.842260
0.645088
0.595320
0.103977
0.416667
0.666812
0.998852
0.377716
0.973079
0.973079
0.103094
0.886893
0.175203
0.128213
0.493529
0.789799
0.673536
0.076632
0.838683
0.245841
0.126420
0.716493
0.800573
0.600502
0.296837
0.752425
0.595261
0.959573
0.816606
0.671594
0.919397
0.163916
0.436593
0.866611
0.407307
0.093999
0.059331
0.108196
0.800573
0.460990
0.159647
0.371129
0.753495
0.185306
0.493585
0.456144
0.068584
0.973079
0.933848
0.340501
0.356919
0.116627
0.458483
0.212912
0.063292
0.696398
0.634087
0.538884
0.873837
0.460290
0.034320
0.077612
0.212704
0.343224
0.595320
0.966756
0.620362
0.827738
0.107805
0.153236
0.738212
0.849809
0.933848
0.343579
0.388354
0.131369
0.810676
0.637816
0.502796
0.902162
0.791646
0.644372
0.060014
0.863736
0.473904
0.337343
0.507755
0.699843
0.125570
0.113558
0.647852
0.477628
0.234120
0.445987
0.956034
0.468220
0.968959
0.348219
0.539983
0.779094
0.353726
0.760062
0.089261
0.220404
0.620362
0.024559
0.139004
0.386729
0.320701
0.752425
0.540300
0.543480
0.319541
0.557341
0.155834
0.849809
0.347549
0.239317
0.157793
0.249194
0.018651
0.756422
0.889424
0.517706
0.083560
0.498547
0.044370
0.863736
0.220404
0.883737
0.562972
0.579298
0.012221
0.421294
0.504561
0.991461
0.615649
0.239803
0.472672
0.377716
0.464059
0.673536
0.286995
0.296409
0.497085
0.543006
0.836299
0.502796
0.634087
0.527276
0.023717
0.768129
0.386729
0.403296
0.915077
0.103977
0.258477
0.099389
0.352014
0.122333
0.541053
0.780949
0.039001
0.956034
0.849809
0.320701
0.685466
0.644372
0.842260
0.164018
0.883737
0.633012
0.944572
0.638424
0.697743
0.922709
0.543006
0.281329
0.160943
0.696398
0.352601
0.632210
0.040527
0.180637
0.566569
0.344736
0.760062
0.002422
0.592225
0.590109
0.556315
0.130644
0.337076
0.094111
0.089818
0.101959
0.332442
0.319541
0.697743
0.083401
0.930634
0.772524
0.221237
0.835996
0.826219
0.354568
0.460290
0.873837
0.309184
0.780949
0.509611
0.528980
0.248142
0.971599
0.823245
0.246185
0.780949
0.791646
0.647852
0.468684
0.915077
0.473904
0.400208
0.945328
0.272696
0.753495
0.386001
0.030621
0.973079
0.229133
0.378137
0.620362
0.167214
0.030979
0.527276
0.312396
0.891617
0.468684
0.880852
0.507755
0.539983
0.315575
0.089818
0.130574
0.050679
0.161852
0.125203
0.114051
0.069962
0.269773
0.386001
0.493500
0.347549
0.838683
0.883737
0.835996
0.669662
0.760434
0.052025
0.362802
0.632210
0.760434
0.066638
0.405842
0.785107
0.417058
0.097362
0.902162
0.326271
0.116662
0.216959
0.465650
0.177969
0.196452
0.159096
0.187039
0.697743
0.956034
0.473904
0.642319
0.929389
0.396232
0.013986
0.679171
0.430800
0.644372
0.505984
0.238147
0.982334
0.762169
0.713111
0.162356
0.396232
0.366700
0.152087
0.713111
0.092417
0.575299
0.460990
0.944572
0.271145
0.055525
0.585490
0.528980
0.810676
0.880852
0.607844
0.779094
0.959573
0.015045
0.205073
0.673536
0.347549
0.929389
0.477628
0.634087
0.973079
0.973079
0.237016
0.512508
0.873837
0.523075
0.823245
0.246483
0.545881
0.299251
0.143137
0.866611
0.241517
0.148027
0.889424
0.663885
0.311934
0.124379
0.688351
0.587648
0.092417
0.527343
0.505984
0.012156
0.566569
0.883737
0.421294
0.178135
0.126500
0.154352
0.826219
0.082102
0.756422
0.922709
0.645088
0.945328
0.018651
0.422988
0.699226
0.102531
0.307827
0.590109
0.234184
0.826219
0.663885
0.780658
0.933848
0.396232
0.224349
0.772030
0.347549
0.405842
0.816606
0.285214
0.417840
0.362802
0.347549
0.111687
0.547822
0.793435
0.153773
0.615649
0.019568
0.713636
0.509658
0.827738
0.126500
0.205664
0.273337
0.340501
0.287541
0.314105
0.966756
0.405844
0.460290
0.595261
0.498547
0.086969
0.050679
0.001698
0.153950
0.849809
0.458483
0.386729
0.065592
0.128213
0.541053
0.254798
0.458483
0.272696
0.080016
0.196452
0.271145
0.671594
0.460990
0.230292
0.926732
0.886893
0.793435
0.346282
0.326729
0.585490
0.568062
0.205664
0.734157
0.734157
0.297324
0.348336
0.164018
0.592225
0.863736
0.050619
0.610840
0.545063
0.470928
0.422988
0.883737
0.234595
0.128213
0.155037
0.760434
0.101036
0.328533
0.826219
0.312396
0.541053
0.502796
0.180254
0.088186
0.644372
0.831520
0.779094
0.595320
0.485880
0.498547
0.835996
0.017561
0.381878
0.465230
0.152071
0.697743
0.041612
0.405844
0.842260
0.772030
0.316545
0.155140
0.281501
0.045703
0.760434
0.644372
0.523075
0.527343
0.538884
0.021415
0.359774
0.079525
0.699843
0.647852
0.131319
0.838683
0.699843
0.922709
0.161434
0.175376
0.836299
0.685466
0.739444
0.780658
0.286995
0.341869
0.926732
0.768129
0.673536
0.053619
0.058241
0.973079
0.464059
0.455287
0.772030
0.816606
0.599182
0.508615
0.863736
0.886893
0.397033
0.340501
0.826219
0.239803
0.167721
0.158061
0.114987
0.713111
0.634087
0.511000
0.337131
0.525447
0.827738
0.182653
0.719544
0.688351
0.760062
0.445987
0.826219
0.405842
0.555331
0.141291
0.540300
0.595320
0.595320
0.097362
0.468684
0.713636
0.866611
0.460990
0.095149
0.883737
0.945328
0.831520
0.826219
0.719544
0.849809
0.673536
0.660289
0.141249
0.349200
0.883737
0.285788
0.880852
0.826219
0.713111
0.528980
0.717798
0.547822
0.043916
0.866611
0.679171
0.966756
0.140255
0.615649
0.485184
0.929389
0.793435
0.592225
0.555331
0.055315
0.393954
0.134083
0.738599
0.902162
0.713111
0.780949
0.137933
0.696398
0.642319
0.256971
0.133850
0.397033
0.644372
0.438301
0.595320
0.826219
0.609676
0.111687
0.826219
0.607844
0.239317
0.251404
0.752425
0.915077
0.348107
0.392264
0.886893
0.019297
0.246293
0.959573
0.752425
0.810676
0.713111
0.959573
0.196452
0.714018
0.562972
0.485880
0.609477
0.113558
0.161151
0.638424
0.279711
0.739444
0.781445
0.944572
0.116221
0.595261
0.525447
0.055967
0.655390
0.780658
0.673536
0.619363
0.716493
0.508540
0.119115
0.738599
0.600502
0.354568
0.785107
0.713111
0.010110
0.185530
0.642319
0.793435
0.054948
0.229183
0.405842
0.015483
0.498547
0.739444
0.397033
0.275326
0.019832
0.926732
0.756422
0.032715
0.352601
0.517354
0.497085
0.873837
0.031919
0.637816
0.780658
0.297791
0.768129
0.108196
0.223605
0.389620
0.587337
0.493500
0.716493
0.099389
0.926732
0.998852
0.557341
0.930634
0.386729
0.573798
0.508615
0.831520
0.727632
0.268472
0.973079
0.031781
0.810676
0.043339
0.760062
0.562615
0.864631
0.699226
0.279468
0.354568
0.945328
0.609477
0.347037
0.982334
0.945328
0.663885
0.768129
0.688351
0.642319
0.166340
0.673536
0.164387
0.375952
0.088816
0.902162
0.781445
0.679171
0.037537
0.334172
0.234801
0.268472
0.251404
0.056973
0.669662
0.497085
0.525447
0.944572
0.509658
0.141158
0.772524
0.753495
0.863736
0.807744
0.170878
0.485184
0.683758
0.128051
0.146883
0.585490
0.973079
0.971599
0.207072
0.372614
0.810619
0.480442
0.348336
0.161434
0.696398
0.305424
0.638424
0.150163
0.370248
0.738212
0.473904
0.077861
0.477628
0.177969
0.789799
0.032541
0.016413
0.112879
0.251404
0.971599
0.456144
0.275326
0.149923
0.006068
0.300202
0.109827
0.645088
0.148027
0.991461
0.609477
0.273337
0.620362
0.178135
0.791646
0.445987
0.919397
0.220240
0.866611
0.864631
0.341869
0.944572
0.273428
0.791646
0.610840
0.245841
0.655390
0.350975
0.288602
0.756422
0.768129
0.039045
0.150629
0.699226
0.968959
0.930634
0.193849
0.800573
0.697743
0.205989
0.103912
0.515650
0.243858
0.058730
0.640031
0.539983
0.328533
0.663885
0.371129
0.230461
0.337343
0.644372
0.926732
0.944572
0.468684
0.919397
0.135855
0.683758
0.242415
0.298355
0.424458
0.085278
0.629775
0.991461
0.600502
0.034183
0.575299
0.642319
0.864631
0.141291
0.405844
0.131515
0.199959
0.562615
0.956034
0.781445
0.752425
0.070433
0.509611
0.915077
0.826219
0.239366
0.468684
0.609676
0.998852
0.305348
0.024164
0.049673
0.137520
0.663885
0.915077
0.108466
0.332442
0.529652
0.600502
0.003384
0.779094
0.966756
0.736493
0.110535
0.595261
0.941971
0.403296
0.688351
0.738212
0.273747
0.719544
0.584495
0.660289
0.230461
0.486924
0.248142
0.468684
0.719544
0.347549
0.557341
0.040398
0.404782
0.800573
0.587337
0.377716
0.297324
0.421294
0.281329
0.421294
0.929389
0.141158
0.609676
0.781445
0.810676
0.264608
0.609477
0.663885
0.123870
0.523075
0.781445
0.362802
0.545881
0.838683
0.468220
0.354568
0.460990
0.246185
0.836299
0.362802
0.436593
0.108196
0.364771
0.813675
0.696398
0.185233
0.154352
0.609477
0.134083
0.826219
0.362802
0.195725
0.504561
0.791646
0.956034
0.517354
0.202300
0.607844
0.973079
0.257708
0.061833
0.838683
0.673536
0.883737
0.619363
0.455287
0.633012
0.037978
0.973079
0.991461
0.835996
0.772524
0.273747
0.944572
0.287758
0.966756
0.781445
0.585490
0.232313
0.296409
0.889424
0.443865
0.480442
0.973079
0.545063
0.525447
0.057535
0.699843
0.300930
0.147010
0.281329
0.045244
0.430800
0.753495
0.863736
0.139194
0.189059
0.407075
0.032715
0.131685
0.473904
0.615649
0.836299
0.128051
0.864631
0.281501
0.462487
0.886893
0.423693
0.509658
0.286206
0.922709
0.060014
0.669662
0.315721
0.880852
0.396232
0.873837
0.296837
0.102531
0.465650
0.753495
0.300930
0.239803
0.274174
0.022747
0.933848
0.039913
0.370248
0.780658
0.973079
0.502796
0.405842
0.941971
0.781445
0.352072
0.555331
0.968959
0.619363
0.727632
0.780949
0.104245
0.342859
0.366700
0.991461
0.752425
0.272696
0.434424
0.739444
0.673536
0.800573
0.241517
0.568062
0.629775
0.835996
0.242631
0.922709
0.831520
0.036719
0.736493
0.464059
0.956034
0.140255
0.456144
0.155834
0.971599
0.800573
0.269553
0.760062
0.699843
0.280076
0.245841
0.590109
0.435716
0.699843
0.772030
0.493500
0.813675
0.633012
0.683758
0.264608
0.230639
0.279468
0.587648
0.579298
0.366490
0.922709
0.057052
0.941971
0.736493
0.154415
0.105202
0.827738
0.734157
0.364771
0.078206
0.032502
0.760062
0.835996
0.463966
0.545063
0.175645
0.760434
0.407075
0.108466
0.386001
0.108466
0.679171
0.166340
0.823245
0.195416
0.789799
0.079764
0.423007
0.372614
0.471837
0.873837
0.489871
0.540300
0.600502
0.540300
0.346282
0.585490
0.959573
0.760062
0.760434
0.891617
0.793435
0.468220
0.517706
0.305348
0.072221
0.242631
0.196752
0.568417
0.941971
0.772524
0.510825
0.031565
0.245841
0.566569
0.296837
0.070887
0.780949
0.190319
0.566569
0.585490
0.111725
0.543480
0.353726
0.663885
0.134083
0.991461
0.966756
0.157522
0.941971
0.508540
0.538884
0.673536
0.991461
0.555331
0.364771
0.736493
0.489871
0.501638
0.381878
0.383664
0.849809
0.713703
0.780658
0.945328
0.131369
0.124888
0.835996
0.505984
0.344736
0.768129
0.791646
0.647852
0.296322
0.372157
0.126500
0.609477
0.671594
0.299251
0.109822
0.673536
0.713703
0.010013
0.485880
0.048887
0.886893
0.528980
0.780658
0.509611
0.671594
0.929389
0.471837
0.285214
0.800573
0.808644
0.697743
0.005743
0.831520
0.539983
0.251404
0.789799
0.157793
0.973079
0.006337
0.713111
0.739444
0.632210
0.633012
0.968959
0.584495
0.785107
0.046763
0.762169
0.760062
0.922709
0.062412
0.637816
0.789799
0.866611
0.781445
0.619363
0.353726
0.486924
0.836299
0.319293
0.568417
0.738212
0.195725
0.831520
0.353726
0.922709
0.008885
0.968959
0.268848
0.738599
0.497085
0.347037
0.154415
0.386729
0.607844
0.697743
0.268117
0.423007
0.528980
0.334172
0.321337
0.609477
0.831520
0.214079
0.595320
0.545881
0.762169
0.237617
0.919397
0.285214
0.383664
0.105171
0.768129
0.268848
0.543006
0.772030
0.599182
0.849809
0.105171
0.880852
0.736493
0.315721
0.826219
0.000885
0.781445
0.671594
0.055412
0.309184
0.394585
0.738212
0.377716
0.472672
0.922709
0.470928
0.280076
0.343224
0.163916
0.343224
0.480442
0.816606
0.128640
0.131317
0.629775
0.849809
0.036068
0.785107
0.551805
0.991461
0.354568
0.599814
0.396117
0.713703
0.123615
0.195416
0.738212
0.945328
0.139004
0.663885
0.679171
0.666812
0.497085
0.504561
0.096170
0.998852
0.047006
0.210029
0.827738
0.239317
0.137520
0.982334
0.489871
0.224062
0.326271
0.468220
0.153950
0.762169
0.968959
0.541053
0.587648
0.397033
0.699843
0.134083
0.503688
0.348219
0.944572
0.144086
0.595261
0.445310
0.568062
0.245041
0.207072
0.088591
0.161631
0.274031
0.780658
0.039001
0.229604
0.509611
0.331104
0.517354
0.003178
0.063242
0.221237
0.991461
0.323070
0.039522
0.043021
0.645088
0.334172
0.800573
0.285005
0.180637
0.181521
0.883737
0.366490
0.445310
0.493500
0.141291
0.306775
0.293817
0.205989
0.780658
0.644372
0.966756
0.968959
0.651213
0.323070
0.568417
0.377716
0.279372
0.049746
0.424458
0.683758
0.050300
0.760434
0.103198
0.010428
0.810619
0.300930
0.956034
0.028918
0.509658
0.883737
0.543006
0.472672
0.356919
0.141674
0.207030
0.417840
0.545881
0.968959
0.738212
0.926732
0.973079
0.926732
0.713703
0.699226
0.297324
0.760434
0.403296
0.035708
0.013164
0.944572
0.381878
0.717798
0.760434
0.383664
0.434424
0.291390
0.498547
0.060014
0.113558
0.058241
0.191366
0.234595
0.714018
0.738599
0.982334
0.281329
0.507755
0.736493
0.883737
0.517354
0.638424
0.669662
0.116627
0.352072
0.290896
0.823245
0.069394
0.104805
0.886893
0.504561
0.094542
0.175376
0.109373
0.405844
0.471837
0.256971
0.332442
0.417840
0.915077
0.699843
0.133961
0.063089
0.619363
0.891617
0.337131
0.307055
0.312396
0.477628
0.052174
0.831520
0.629775
0.217085
0.807744
0.504561
0.205073
0.493585
0.781445
0.237304
0.655390
0.780949
0.663885
0.313025
0.356919
0.772030
0.493529
0.445310
0.465230
0.354568
0.919397
0.679171
0.123935
0.873837
0.017561
0.498547
0.163916
0.760062
0.699226
0.238147
0.332442
0.112879
0.224349
0.076632
0.973079
0.785107
0.502796
0.035966
0.366490
0.025841
0.873837
0.831520
0.255543
0.527276
0.685466
0.998852
0.688351
0.268472
0.472672
0.929389
0.959573
0.699843
0.655390
0.251404
0.396117
0.158061
0.886893
0.632210
0.164550
0.602832
0.104278
0.971599
0.053949
0.027135
0.762169
0.528980
0.154415
0.464059
0.043916
0.719544
0.366490
0.926732
0.286995
0.080577
0.600502
0.234595
0.372157
0.620362
0.149182
0.523075
0.265602
0.933848
0.257708
0.982334
0.203752
0.772030
0.162356
0.889424
0.886893
0.343579
0.473904
0.140478
0.498547
0.929389
0.600502
0.973079
0.214079
0.407307
0.883737
0.568417
0.348981
0.370248
0.600502
0.489871
0.669662
0.620362
0.891617
0.397033
0.110784
0.538884
0.163916
0.212912
0.044370
0.239803
0.891617
0.015495
0.456144
0.132769
0.323070
0.472672
0.102531
0.919397
0.933848
0.320701
0.835996
0.258477
0.404782
0.155140
0.212704
0.067377
0.835996
0.998852
0.540300
0.006896
0.421294
0.258627
0.966756
0.198800
0.823245
0.423007
0.930634
0.717798
0.515650
0.919397
0.886893
0.842260
0.926732
0.956034
0.416667
0.736493
0.352072
0.838683
0.810619
0.655390
0.752425
0.926732
0.239317
0.293817
0.602832
0.891617
0.082563
0.632210
0.486924
0.065211
0.968959
0.462487
0.620362
0.719544
0.489871
0.229604
0.350933
0.959573
0.116662
0.655390
0.864631
0.498547
0.602832
0.464059
0.012586
0.095149
0.175767
0.810619
0.793435
0.697743
0.256103
0.831520
0.642319
0.124247
0.545063
0.891617
0.006337
0.027490
0.004253
0.332442
0.600502
0.234801
0.141249
0.164018
0.666812
0.463966
0.296837
0.311934
0.245041
0.326729
0.310650
0.655390
0.502796
0.132097
0.438605
0.293817
0.971599
0.772524
0.223605
0.372614
0.153773
0.398676
0.503237
0.086264
0.185233
0.779094
0.619363
0.956034
0.111795
0.609676
0.246293
0.642319
0.021874
0.288602
0.256103
0.023451
0.713703
0.959573
0.092215
0.727632
0.966756
0.416304
0.323070
0.189059
0.734157
0.807744
0.024203
0.523075
0.539983
0.423007
0.246410
0.673536
0.780658
0.504561
0.435716
0.463966
0.889424
0.341869
0.285214
0.517706
0.523075
0.468684
0.768129
0.922709
0.831520
0.525447
0.196752
0.015072
0.044370
0.005721
0.348107
0.326271
0.239317
0.064048
0.945328
0.629775
0.217085
0.966756
0.762169
0.170878
0.592225
0.807744
0.473904
0.247267
0.334172
0.187833
0.317730
0.230639
0.075980
0.779094
0.312396
0.813675
0.489871
0.180637
0.018801
0.620362
0.114051
0.810619
0.480442
0.422988
0.789799
0.438605
0.800573
0.529652
0.864631
0.973079
0.719544
0.332442
0.417058
0.508615
0.405844
0.340501
0.082947
0.789799
0.092517
0.826219
0.562972
0.320701
0.407075
0.422988
0.359774
0.810676
0.080577
0.836299
0.633012
0.864631
0.392264
0.866611
0.891617
0.785107
0.831520
0.982334
0.177969
0.736493
0.930634
0.713111
0.609477
0.116662
0.271145
0.103723
0.214191
0.407307
0.551805
0.275326
0.669662
0.189059
0.816606
0.036990
0.159647
0.091893
0.470928
0.660289
0.660289
0.493500
0.683758
0.229183
0.185530
0.017816
0.061453
0.779094
0.279372
0.587648
0.956034
0.831520
0.891617
0.149182
0.973079
0.998852
0.655390
0.507755
0.400208
0.886893
0.510825
0.229183
0.929389
0.185233
0.511000
0.229133
0.644372
0.123615
0.713703
0.968959
0.430800
0.838683
0.393954
0.493585
0.393954
0.760434
0.007258
0.082504
0.873837
0.111687
0.863736
0.347037
0.002721
0.105202
0.352014
0.293817
0.465650
0.386729
0.150876
0.779094
0.405844
0.094111
0.279372
0.736493
0.273747
0.468684
0.555331
0.063358
0.395808
0.607844
0.465650
0.327847
0.271145
0.991461
0.826219
0.517354
0.823245
0.959573
0.538884
0.517706
0.633012
0.348219
0.562615
0.599814
0.320701
0.247701
0.388354
0.400208
0.368187
0.826219
0.509658
0.632210
0.286158
0.113558
0.716493
0.555331
0.316545
0.772030
0.293817
0.362802
0.666812
0.734157
0.551805
0.041263
0.816606
0.288602
0.445987
0.926732
0.619363
0.326285
0.562615
0.337131
0.615649
0.262963
0.321337
0.119437
0.417058
0.587648
0.883737
0.468220
0.982334
0.095149
0.835996
0.153236
0.175376
0.944572
0.193994
0.435716
0.131369
0.031919
0.234120
0.699226
0.231385
0.158061
0.714018
0.556315
0.331104
0.275326
0.545063
0.195725
0.105036
0.388354
0.424458
0.587337
0.315575
0.562972
0.697743
0.991461
0.422988
0.130644
0.968959
0.772524
0.873837
0.734157
0.727632
0.679171
0.392264
0.348219
0.315721
0.866611
0.354568
0.620362
0.619363
0.337131
0.460290
0.810676
0.458483
0.286206
0.838683
0.543006
0.823245
0.180871
0.032775
0.508615
0.810619
0.080350
0.756422
0.205073
0.753495
0.823245
0.343224
0.713636
0.431455
0.666812
0.539983
0.632210
0.660289
0.279372
0.959573
0.762169
0.237016
0.568417
0.305424
0.065592
0.669662
0.031919
0.575299
0.768129
0.849809
0.485184
0.889424
0.823245
0.607844
0.215352
0.538884
0.823245
0.328533
0.350933
0.541053
0.388354
0.272696
0.269773
0.807744
0.734157
0.015726
0.753495
0.347549
0.929389
0.364771
0.273747
0.398676
0.638424
0.607844
0.209143
0.431455
0.497085
0.762169
0.173514
0.248142
0.922709
0.683758
0.592225
0.417840
0.254798
0.081393
0.383664
0.587648
0.242631
0.181171
0.021032
0.933848
0.688351
0.405842
0.826219
0.290896
0.281329
0.305348
0.753495
0.030181
0.699226
0.807744
0.827738
0.089818
0.405842
0.826219
0.103198
0.644372
0.254798
0.274174
0.114987
0.922709
0.154877
0.973079
0.666812
0.998852
0.816606
0.498547
0.271145
0.642319
0.383664
0.309184
0.791646
0.473904
0.779094
0.891617
0.669662
0.366700
0.167997
0.595261
0.016790
0.772030
0.273337
0.166507
0.010110
0.154219
0.808644
0.827738
0.004827
0.468684
0.831520
0.062412
0.493500
0.151114
0.296409
0.108196
0.813675
0.780949
0.143137
0.966756
0.234595
0.541053
0.669662
0.431233
0.407075
0.189088
0.816606
0.089818
0.268472
0.464059
0.144086
0.311934
0.587648
0.085332
0.528980
0.468684
0.272696
0.067377
0.738212
0.111675
0.808644
0.926732
0.836299
0.595320
0.455287
0.170972
0.405842
0.178135
0.714018
0.991461
0.968959
0.017735
0.807744
0.991461
0.791646
0.527276
0.231385
0.592225
0.064048
0.293817
0.810676
0.545881
0.929389
0.734157
0.508615
0.238841
0.372614
0.831520
0.083401
0.161631
0.110535
0.268848
0.660289
0.575299
0.386729
0.396232
0.671594
0.416304
0.396232
0.568062
0.154415
0.293817
0.998852
0.800573
0.239317
0.315721
0.255543
0.772030
0.417058
0.037954
0.599182
0.396117
0.274174
0.017773
0.863736
0.789799
0.966756
0.348107
0.880852
0.307055
0.609676
0.350933
0.213782
0.241888
0.753495
0.177755
0.595261
0.471837
0.381878
0.021032
0.354568
0.424458
0.543480
0.966756
0.020954
0.945328
0.022463
0.509658
0.838683
0.607844
0.334172
0.113268
0.149182
0.511000
0.230461
0.789799
0.609676
0.203636
0.326285
0.511000
0.575299
0.609676
0.157522
0.267114
0.118089
0.651213
0.683758
0.587648
0.239803
0.473904
0.111687
0.460290
0.198800
0.998852
0.083401
0.125203
0.713703
0.497085
0.998852
0.699843
0.103723
0.288602
0.273747
0.456144
0.458483
0.826219
0.915077
0.842260
0.123903
0.785107
0.462487
0.527276
0.299251
0.660289
0.944572
0.347037
0.069192
0.842260
0.326729
0.024092
0.091893
0.866611
0.417840
0.352601
0.719544
0.793435
0.462487
0.785107
0.356919
0.189013
0.189059
0.595261
0.458483
0.883737
0.609676
0.642319
0.585490
0.739444
0.042630
0.551805
0.685466
0.827738
0.595261
0.866611
0.134083
0.115176
0.772030
0.838683
0.683758
0.584495
0.835996
0.509658
0.780949
0.543006
0.424458
0.971599
0.460290
0.599814
0.866611
0.361043
0.968959
0.423007
0.585490
0.555331
0.059691
0.779094
0.717798
0.416667
0.088510
0.234801
0.138259
0.555331
0.529652
0.170972
0.015780
0.629775
0.642319
0.134083
0.040344
0.585490
0.300930
0.122333
0.959573
0.493529
0.193994
0.066269
0.238147
0.663885
0.326285
0.738212
0.816606
0.666812
0.354568
0.714018
0.396232
0.793435
0.515650
0.842260
0.417840
0.246293
0.699226
0.919397
0.350975
0.008209
0.002077
0.354466
0.185233
0.508540
0.509658
0.257708
0.262903
0.258477
0.167721
0.340501
0.493585
0.629775
0.836299
0.714018
0.886893
0.510825
0.050945
0.973079
0.486924
0.307055
0.968959
0.919397
0.438605
0.930634
0.059421
0.717798
0.041936
0.052036
0.697743
0.634087
0.477628
0.772524
0.286206
0.209143
0.217085
0.866611
0.590109
0.256103
0.445987
0.609477
0.083560
0.902162
0.619363
0.602832
0.296837
0.024759
0.275326
0.279711
0.810619
0.891617
0.086228
0.161151
0.493585
0.352601
0.039732
0.835996
0.497085
0.243858
0.540300
0.181351
0.485184
0.679171
0.551805
0.663885
0.417058
0.760062
0.199959
0.279711
0.015495
0.827738
0.196452
0.473904
0.883737
0.281501
0.644372
0.866611
0.982334
0.350933
0.873837
0.044155
0.065908
0.111687
0.298355
0.181171
0.205073
0.629775
0.727632
0.237016
0.807744
0.527343
0.619363
0.055412
0.319293
0.816606
0.592225
0.187833
0.849809
0.034183
0.515650
0.198800
0.269773
0.424458
0.595320
0.287541
0.087725
0.655390
0.971599
0.215352
0.388354
0.132769
0.813675
0.973079
0.503237
0.842260
0.445987
0.645088
0.810676
0.030739
0.886893
0.245041
0.293817
0.268848
0.697743
0.607844
0.791646
0.642319
0.092965
0.471837
0.968959
0.231385
0.655390
0.756422
0.762169
0.343224
0.493529
0.099041
0.119115
0.873837
0.541053
0.756422
0.595261
0.929389
0.257708
0.930634
0.017156
0.539983
0.348219
0.944572
0.810676
0.607844
0.545063
0.568062
0.344736
0.509658
0.727632
0.267114
0.417840
0.306775
0.525447
0.455287
0.595261
0.651213
0.515650
0.599814
0.930634
0.736493
0.527276
0.295889
0.120618
0.247267
0.866611
0.849809
0.779094
0.371129
0.566569
0.734157
0.364771
0.836299
0.328533
0.042237
0.460990
0.120618
0.810676
0.063361
0.404782
0.416667
0.175645
0.779094
0.527343
0.438301
0.768129
0.556315
0.933848
0.175645
0.141249
0.713111
0.096170
0.465650
0.966756
0.019802
0.587337
0.813675
0.472672
0.509611
0.018943
0.768129
0.090613
0.699226
0.762169
0.045774
0.727632
0.714018
0.131369
0.265602
0.354466
0.568417
0.320701
0.241517
0.314105
0.007198
0.933848
0.361043
0.679171
0.523075
0.683758
0.866611
0.257708
0.991461
0.167997
0.431233
0.396232
0.945328
0.348981
0.396117
0.545881
0.699226
0.435716
0.114987
0.326285
0.507755
0.471837
0.998852
0.356919
0.460290
0.713111
0.600502
0.502796
0.971599
0.205073
0.238841
0.573798
0.609477
0.376202
0.827738
0.590109
0.849809
0.517706
0.052184
0.082563
0.615649
0.079525
0.966756
0.024175
0.498547
0.714018
0.309184
0.228170
0.346282
0.717798
0.699226
0.768129
0.752425
0.064225
0.279468
0.933848
0.655390
0.609477
0.124247
0.341869
0.392264
0.480442
0.688351
0.470928
0.229133
0.383664
0.128213
0.395808
0.789799
0.042237
0.152823
0.350933
0.251272
0.566569
0.557341
0.199959
0.780949
0.926732
0.352014
0.468684
0.182653
0.311934
0.592225
0.073304
0.562615
0.395808
0.508615
0.510825
0.902162
0.144324
0.584495
0.168784
0.436593
0.504561
0.394585
0.207030
0.356919
0.098837
0.039300
0.366700
0.403296
0.269553
0.164550
0.508615
0.130107
0.866611
0.644372
0.633012
0.377716
0.717798
0.945328
0.216959
0.099041
0.991461
0.587648
0.371129
0.826219
0.389620
0.585490
0.460290
0.768129
0.800573
0.714018
0.991461
0.929389
0.793435
0.517706
0.280076
0.394585
0.181351
0.956034
0.503208
0.716493
0.926732
0.760062
0.421294
0.929389
0.279468
0.883737
0.816606
0.568062
0.873837
0.100008
0.956034
0.296322
0.886893
0.579298
0.016351
0.159096
0.919397
0.417058
0.398676
0.595320
0.313025
0.864631
0.111687
0.065382
0.510825
0.416667
0.602832
0.683758
0.807744
0.966756
0.196752
0.124379
0.971599
0.473904
0.230639
0.669662
0.587648
0.182689
0.509658
0.386729
0.699843
0.696398
0.020155
0.810676
0.462487
0.714018
0.141158
0.112879
0.347037
0.125137
0.760434
0.679171
0.438605
0.505984
0.508615
0.248142
0.973079
0.642319
0.810619
0.230461
0.575299
0.438605
0.232313
0.232313
0.973079
0.431233
0.079749
0.239366
0.265602
0.320701
0.164550
0.919397
0.673536
0.831520
0.153236
0.239803
0.287541
0.673536
0.348219
0.239366
0.431233
0.443865
0.930634
0.258627
0.739444
0.212912
0.683758
0.287758
0.760434
0.727632
0.760434
0.982334
0.503208
0.443865
0.397033
0.164018
0.831520
0.232753
0.545881
0.599182
0.045244
0.789799
0.507755
0.347037
0.122189
0.403296
0.498547
0.236770
0.866611
0.713111
0.465650
0.555331
0.883737
0.971599
0.880852
0.392264
0.660289
0.772524
0.780949
0.014308
0.551805
0.813675
0.275743
0.945328
0.269553
0.579298
0.738212
0.455287
0.545881
0.273337
0.683758
0.059421
0.696398
0.651213
0.699226
0.255543
0.696398
0.460990
0.738212
0.609477
0.590109
0.945328
0.503688
0.760062
0.493529
0.273747
0.101959
0.258477
0.930634
0.760062
0.287758
0.027838
0.511000
0.445987
0.620362
0.212434
0.780658
0.102372
0.973079
0.153419
0.085278
0.146883
0.780658
0.941971
0.113507
0.000874
0.551805
0.111607
0.697743
0.669662
0.697743
0.540300
0.930634
0.568062
0.350975
0.424458
0.768129
0.175203
0.088054
0.462487
0.371129
0.973079
0.396232
0.148482
0.760062
0.102372
0.886893
0.264592
0.716493
0.696398
0.094542
0.133228
0.316545
0.144324
0.838683
0.362802
0.214191
0.713703
0.167997
0.966756
0.883737
0.968959
0.699226
0.070887
0.109403
0.221237
0.671594
0.926732
0.945328
0.328533
0.202443
0.126500
0.713636
0.926732
0.930634
0.831520
0.816606
0.933848
0.101036
0.128213
0.268117
0.647852
0.464059
0.789799
0.509611
0.836299
0.465230
0.599814
0.265602
0.873837
0.973079
0.547822
0.422988
0.638424
0.002905
0.929389
0.696398
0.237617
0.503688
0.098837
0.350975
0.509658
0.633012
0.189088
0.609676
0.891617
0.671594
0.364771
0.296322
0.595320
0.587648
0.348981
0.332442
0.130107
0.800573
0.305348
0.734157
0.944572
0.889424
0.663885
0.148482
0.202443
0.826219
0.883737
0.341869
0.154415
0.768129
0.768129
0.081404
0.383664
0.915077
0.130107
0.590109
0.669662
0.091106
0.430800
0.092215
0.265602
0.527343
0.417840
0.842260
0.139000
0.493529
0.472672
0.587648
0.254281
0.291390
0.831520
0.762169
0.085332
0.337131
0.502796
0.683758
0.280076
0.609676
0.066638
0.141674
0.191366
0.816606
0.756422
0.153087
0.290896
0.620362
0.873837
0.517354
0.214191
0.171496
0.933848
0.941971
0.945328
0.789799
0.785107
0.378137
0.007732
0.849809
0.517354
0.629775
0.065908
0.460990
0.555331
0.971599
0.209143
0.838683
0.396117
0.816606
0.557341
0.886893
0.956034
0.268472
0.610840
0.760062
0.493500
0.813675
0.945328
0.264592
0.213782
0.455287
0.468684
0.229604
0.473904
0.697743
0.279468
0.543006
0.697743
0.445987
0.779094
0.823245
0.352601
0.789799
0.501638
0.584495
0.762169
0.863736
0.926732
0.968959
0.356919
0.405842
0.140478
0.486924
0.551805
0.016499
0.065389
0.753495
0.547822
0.930634
0.202443
0.350975
0.238841
0.647852
0.462487
0.063916
0.404782
0.085989
0.105036
0.312396
0.195416
0.394585
0.164713
0.465230
0.493585
0.813675
0.224809
0.473904
0.523075
0.354568
0.068567
0.032775
0.768129
0.502796
0.671594
0.620362
0.501638
0.736493
0.789799
0.956034
0.713703
0.157522
0.352072
0.647852
0.540300
0.738599
0.525447
0.998852
0.944572
0.209143
0.971599
0.326729
0.493585
0.793435
0.510825
0.196452
0.435716
0.517354
0.155834
0.407075
0.070227
0.568417
0.456144
0.234184
0.968959
0.006003
0.268117
0.472672
0.789799
0.849809
0.108196
0.956034
0.866611
0.808644
0.370248
0.081512
0.396117
0.352014
0.421294
0.307055
0.307055
0.503208
0.279711
0.866611
0.423007
0.101765
0.123188
0.470928
0.157793
0.991461
0.838683
0.281501
0.084338
0.191366
0.891617
0.719544
0.042630
0.541053
0.092417
0.352072
0.337343
0.221237
0.644372
0.587648
0.274174
0.381878
0.734157
0.247701
0.247701
0.066269
0.780658
0.619363
0.941971
0.547822
0.025981
0.102372
0.059331
0.362802
0.966756
0.966756
0.268848
0.836299
0.543006
0.968959
0.199771
0.009902
0.407307
0.508615
0.886893
0.638424
0.956034
0.323070
0.762169
0.243858
0.465650
0.584495
0.119437
0.505984
0.423693
0.271145
0.780949
0.094190
0.364771
0.498547
0.863736
0.061833
0.637816
0.052336
0.395808
0.849809
0.348336
0.405842
0.056620
0.091106
0.610840
0.929389
0.455287
0.780949
0.512508
0.933848
0.150416
0.734157
0.713703
0.717798
0.607844
0.234595
0.465230
0.493500
0.727632
0.343579
0.309184
0.435716
0.340501
0.128640
0.116221
0.800573
0.331104
0.753495
0.647852
0.212704
0.084338
0.511000
0.545881
0.343579
0.393954
0.780658
0.716493
0.005971
0.772524
0.968959
0.348981
0.810676
0.376202
0.237304
0.699843
0.512508
0.760062
0.640031
0.161852
0.398676
0.842260
0.372614
0.836299
0.753495
0.785107
0.562615
0.926732
0.716493
0.352072
0.808644
0.155783
0.959573
0.816606
0.386729
0.103198
0.300930
0.008824
0.092965
0.436593
0.515650
0.863736
0.139524
0.800573
0.431233
0.258477
0.018943
0.713111
0.539983
0.102372
0.753495
0.305424
0.497085
0.739444
0.485184
0.836299
0.760434
0.956034
0.756422
0.697743
0.009704
0.319293
0.088341
0.503237
0.055764
0.153087
0.205183
0.326271
0.107805
0.883737
0.216959
0.543006
0.956034
0.037537
0.076799
0.609477
0.866611
0.816606
0.300202
0.512508
0.109403
0.371129
0.738599
0.507755
0.405842
0.480442
0.762169
0.326729
0.120618
0.780658
0.347549
0.866611
0.666812
0.103723
0.956034
0.403296
0.944572
0.480442
0.077071
0.366700
0.262963
0.177755
0.392264
0.716493
0.991461
0.310650
0.505984
0.267114
0.403296
0.982334
0.262903
0.389620
0.113268
0.973079
0.485880
0.029209
0.556315
0.224349
0.096170
0.159859
0.734157
0.149923
0.505984
0.717798
0.445310
0.503688
0.590109
0.232313
0.238147
0.307827
0.575299
0.207072
0.719544
0.272696
0.633012
0.866611
0.246483
0.443865
0.115576
0.545881
0.719544
0.063358
0.493529
0.632210
0.973079
0.738599
0.816606
0.153419
0.367804
0.610840
0.673536
0.139194
0.541053
0.645088
0.998852
0.310650
0.998852
0.587648
0.523075
0.212434
0.279711
0.719544
0.998852
0.042953
0.727632
0.207072
0.517354
0.159965
0.930634
0.377716
0.375952
0.810676
0.275326
0.352072
0.929389
0.094111
0.182689
0.679171
0.470928
0.359774
0.541053
0.891617
0.095398
0.081512
0.717798
0.405844
0.224062
0.941971
0.344736
0.140478
0.547822
0.891617
0.926732
0.354568
0.141291
0.493585
0.679171
0.224809
0.164550
0.059896
0.337343
0.808644
0.929389
0.431233
0.297324
0.945328
0.835996
0.634087
0.517354
0.161631
0.464059
0.023290
0.503237
0.772030
0.486924
0.800573
0.772524
0.002464
0.810619
0.231939
0.460290
0.323070
0.417840
0.065908
0.863736
0.417058
0.772524
0.023795
0.637816
0.568417
0.066999
0.772524
0.638424
0.919397
0.386001
0.713636
0.164387
0.772524
0.699226
0.632210
0.264608
0.753495
0.489871
0.279372
0.348336
0.933848
0.321337
0.982334
0.785107
0.696398
0.929389
0.538884
0.046765
0.781445
0.929389
0.159217
0.005259
0.052184
0.111607
0.131369
0.525447
0.195891
0.826219
0.070227
0.498625
0.060539
0.297324
0.232313
0.485184
0.509611
0.772524
0.717798
0.587337
0.230292
0.697743
0.590109
0.164018
0.826219
0.517354
0.202403
0.223605
0.599182
0.831520
0.959573
0.025981
0.231385
0.287541
0.436593
0.471837
0.632210
0.009239
0.416304
0.189696
0.823245
0.065592
0.128213
0.352601
0.966756
0.104805
0.462487
0.660289
0.756422
0.310650
0.714018
0.926732
0.638424
0.185530
0.609676
0.493529
0.087159
0.305348
0.579298
0.891617
0.095398
0.503208
0.279372
0.423007
0.929389
0.808644
0.462487
0.699226
0.813675
0.945328
0.810676
0.808644
0.545881
0.458483
0.079344
0.307055
0.207030
0.272696
0.696398
0.043845
0.473904
0.633012
0.883737
0.071966
0.039691
0.714018
0.073304
0.966756
0.772030
0.055967
0.480442
0.587337
0.816606
0.545881
0.973079
0.026323
0.503688
0.752425
0.286206
0.051998
0.316545
0.781445
0.417058
0.350975
0.337076
0.902162
0.889424
0.188140
0.386001
0.164713
0.177969
0.217554
0.941971
0.217085
0.736493
0.236770
0.866611
0.256971
0.220240
0.966756
0.195416
0.849809
0.666812
0.354568
0.515650
0.620362
0.435716
0.517354
0.713111
0.866611
0.039300
0.966756
0.902162
0.443865
0.191366
0.337343
0.189088
0.673536
0.714018
0.106559
0.170878
0.683758
0.889424
0.780658
0.435716
0.816606
0.285005
0.431233
0.756422
0.866611
0.780949
0.823245
0.271145
0.864631
0.509658
0.305424
0.164550
0.101765
0.634087
0.873837
0.609676
0.685466
0.108196
0.831520
0.344736
0.181351
0.651213
0.808644
0.945328
0.501638
0.780658
0.269773
0.697743
0.525447
0.234184
0.930634
0.629775
0.310650
0.685466
0.416304
0.168784
0.926732
0.352072
0.966756
0.501638
0.660289
0.312396
0.539983
0.813675
0.438301
0.159217
0.644372
0.456144
0.756422
0.671594
0.945328
0.392264
0.268848
0.889424
0.199771
0.607844
0.381878
0.503208
0.477628
0.320701
0.114044
0.587337
0.403296
0.164550
0.048709
0.813675
0.930634
0.785107
0.258477
0.511000
0.059255
0.493585
0.527343
0.486924
0.400208
0.968959
0.523075
0.793435
0.033250
0.647852
0.780949
0.915077
0.539983
0.973079
0.485184
0.793435
0.144324
0.930634
0.835996
0.592225
0.889424
0.717798
0.779094
0.327847
0.637816
0.372157
0.109403
0.791646
0.462487
0.607844
0.640031
0.998852
0.173514
0.180637
0.024559
0.059090
0.512508
0.651213
0.341869
0.633012
0.368187
0.772524
0.849809
0.030920
0.760062
0.645088
0.929389
0.762169
0.262903
0.386001
0.768129
0.666812
0.111607
0.634087
0.268848
0.813675
0.922709
0.525447
0.213782
0.638424
0.348981
0.268848
0.800573
0.696398
0.813675
0.807744
0.632210
0.573798
0.610840
0.827738
0.685466
0.647852
0.251272
0.264608
0.127117
0.772030
0.394585
0.115176
0.982334
0.944572
0.699843
0.699226
0.238841
0.823245
0.132769
0.170972
0.327847
0.683758
0.810676
0.505984
0.065592
0.647852
0.753495
0.455287
0.264592
0.356919
0.734157
0.660289
0.599182
0.231385
0.279372
0.117384
0.008607
0.585490
0.179789
0.866611
0.762169
0.290660
0.587337
0.873837
0.116221
0.190319
0.493529
0.719544
0.528980
0.714018
0.438301
0.394585
0.523075
0.508615
0.107284
0.022579
0.930634
0.551805
0.772524
0.088054
0.232753
0.510825
0.465650
0.362802
0.568062
0.138133
0.141158
0.971599
0.883737
0.826219
0.529652
0.159669
0.485880
0.651213
0.161434
0.545881
0.348219
0.966756
0.170878
0.891617
0.046129
0.161637
0.128051
0.502796
0.595320
0.791646
0.842260
0.785107
0.768129
0.673536
0.929389
0.354466
0.991461
0.348107
0.022362
0.077071
0.394585
0.529652
0.663885
0.050619
0.810676
0.477628
0.133850
0.036719
0.866611
0.031781
0.088186
0.991461
0.361043
0.640031
0.268472
0.080628
0.696398
0.902162
0.205989
0.209143
0.982334
0.134260
0.915077
0.375952
0.029730
0.719544
0.864631
0.968959
0.080350
0.477628
0.040730
0.982334
0.660289
0.752425
0.922709
0.248142
0.982334
0.337343
0.163916
0.823245
0.255543
0.395808
0.831520
0.173514
0.364771
0.889424
0.945328
0.297791
0.232753
0.067377
0.367804
0.562615
0.632210
0.508540
0.883737
0.417058
0.781445
0.645088
0.779094
0.756422
0.498625
0.945328
0.541053
0.713111
0.529652
0.088816
0.609477
0.813675
0.396117
0.945328
0.223605
0.067377
0.167214
0.738599
0.251907
0.873837
0.922709
0.049673
0.016549
0.319541
0.501638
0.738212
0.393954
0.326285
0.891617
0.807744
0.285214
0.889424
0.816606
0.237304
0.065215
0.930634
0.052036
0.739444
0.195891
0.508540
0.309184
0.258477
0.498547
0.248142
0.019780
0.780949
0.148027
0.642319
0.842260
0.286995
0.864631
0.326285
0.502796
0.800573
0.094542
0.527276
0.138259
0.152087
0.146883
0.438605
0.873837
0.739444
0.538884
0.523075
0.762169
0.249194
0.237016
0.883737
0.922709
0.714018
0.831520
0.666812
0.272696
0.810676
0.295889
0.780658
0.346282
0.973079
0.105036
0.285005
0.944572
0.543006
0.956034
0.173514
0.717798
0.587648
0.634087
0.634087
0.071922
0.973079
0.793435
0.813675
0.022130
0.688351
0.470928
0.438605
0.991461
0.556315
0.717798
0.573798
0.503688
0.153087
0.645088
0.417058
0.257708
0.465230
0.891617
0.063292
0.041612
0.716493
0.238841
0.541053
0.525447
0.592225
0.383664
0.738212
0.104262
0.915077
0.780949
0.234801
0.760434
0.405844
0.679171
0.421294
0.101136
0.108196
0.347037
0.246483
0.273337
0.423693
0.511000
0.826219
0.239317
0.224349
0.463966
0.966756
0.378137
0.066638
0.836299
0.000563
0.438301
0.633012
0.760062
0.337343
0.346282
0.171496
0.155783
0.170878
0.378137
0.973079
0.247701
0.354568
0.403296
0.378137
0.826219
0.842260
0.049512
0.088054
0.719544
0.071922
0.933848
0.212912
0.883737
0.637816
0.400208
0.080577
0.066608
0.717798
0.886893
0.922709
0.525447
0.381878
0.791646
0.873837
0.826219
0.314105
0.285788
0.827738
0.178135
0.599182
0.512508
0.064963
0.237304
0.149798
0.528980
0.517706
0.509611
0.849809
0.760434
0.242631
0.666812
0.647852
0.933848
0.785107
0.372614
0.760434
0.170972
0.633012
0.368187
0.816606
0.421294
0.037339
0.014308
0.267911
0.807744
0.310650
0.210029
0.241517
0.464059
0.642319
0.417058
0.503208
0.827738
0.424458
0.752425
0.592225
0.241517
0.760062
0.592225
0.422988
0.866611
0.660289
0.135855
0.115576
0.838683
0.785107
0.973079
0.835996
0.864631
0.293817
0.256971
0.231939
0.915077
0.203636
0.780949
0.509658
0.328533
0.070227
0.880852
0.575299
0.043591
0.666812
0.237016
0.645088
0.223605
0.930634
0.407075
0.347549
0.808644
0.507755
0.517354
0.347037
0.377716
0.229133
0.791646
0.311934
