0.933291
0.184166
0.652234
0.404236
0.081481
0.760280
0.607495
0.180995
0.637543
0.334810
0.999306
0.307545
0.582016
0.068193
0.506282
0.424879
0.850031
0.340676
0.625833
0.750946
0.775996
0.005944
0.540215
0.421932
0.593812
0.180995
0.750946
0.169626
0.349605
0.760280
0.244226
0.607495
0.901071
0.933291
0.933291
0.558457
0.933291
0.540215
0.724734
0.092910
0.603988
0.204881
0.180995
0.334810
0.180995
0.637543
0.056504
0.424879
0.244226
0.410048
0.000221
0.901071
0.625833
0.362250
0.999306
0.880775
0.353957
0.353957
0.007886
0.376508
0.760280
0.404236
0.340676
0.068644
0.760280
0.349605
0.637543
0.244226
0.750946
0.453005
0.850031
0.607495
0.353957
0.404236
0.362250
0.107098
0.197804
0.085344
0.404236
0.543567
0.850031
0.259189
0.850031
0.582016
0.353957
0.041858
0.750946
0.775996
0.184166
0.850031
0.288341
0.625833
0.349605
0.424879
0.085344
0.410048
0.104119
0.204958
0.124934
0.880775
0.933291
0.334810
0.625833
0.750946
0.204881
0.126979
0.334810
0.340676
0.582016
0.169626
0.607495
0.637543
0.652234
0.540215
0.542093
0.242816
0.724734
0.804063
0.286450
0.251599
0.775996
0.603988
0.593812
0.542093
0.607495
0.999306
0.353957
0.421932
0.760280
0.061703
0.880775
0.180995
0.869618
0.880775
0.334810
0.542093
0.376508
0.262212
0.085344
0.850031
0.540215
0.169626
0.340676
0.353957
0.378994
0.775996
0.933291
0.760280
0.262212
0.204881
0.775996
0.242816
0.424879
0.029095
0.244226
0.259189
0.244226
0.410048
0.126979
0.637543
0.775996
0.061703
0.607495
0.999306
0.540215
0.101148
0.750946
0.453005
0.184166
0.775996
0.307545
0.120019
0.775996
0.540215
0.750946
0.558457
0.424879
0.999306
0.286450
0.031516
0.637543
0.087614
0.582016
0.637543
0.043929
0.125418
0.603988
0.204881
0.607495
0.506282
0.288341
0.999306
0.349605
0.750946
0.933291
0.933291
0.307545
0.172803
0.543567
0.120019
0.775996
0.251599
0.775996
0.362250
0.378994
0.869618
0.318170
0.259189
0.933291
0.424879
0.318170
0.353957
0.244226
0.307545
0.637543
0.750946
0.404236
0.029354
0.362250
0.760280
0.094066
0.999306
0.625833
0.760280
0.334810
0.933291
0.637543
0.362250
0.607495
0.999306
0.540215
0.169626
0.750946
0.999306
0.603988
0.540215
0.543567
0.880775
0.169626
0.542093
0.204881
0.154199
0.378994
0.184166
0.378994
0.933291
0.804063
0.056440
0.607495
0.048250
0.652234
0.750946
0.017356
0.410048
0.542093
0.538964
0.933291
0.637543
0.288341
0.540215
0.804063
0.637543
0.869618
0.340676
0.999306
0.404236
0.901071
0.540215
0.804063
0.349605
0.453005
0.540215
0.850031
0.607495
0.607495
0.334810
0.869618
0.034099
0.542093
0.538964
0.453005
0.582016
0.069471
0.542093
0.933291
0.775996
0.933291
0.538964
0.804063
0.133771
0.593812
0.603988
0.540215
0.242816
0.538964
0.869618
0.880775
0.775996
0.376508
0.244226
0.760280
0.286450
0.850031
0.421932
0.029095
0.582016
0.637543
0.880775
0.538964
0.259189
0.933291
0.540215
0.880775
0.869618
0.052711
0.760280
0.242816
0.410048
0.724734
0.724734
0.999306
0.073215
0.933291
0.421932
0.421932
0.760280
0.933291
0.540215
0.307545
0.760280
0.637543
0.378994
0.850031
0.353957
0.540215
0.901071
0.081481
0.603988
0.652234
0.061703
0.850031
0.804063
0.073215
0.901071
0.114141
0.999306
0.353957
0.933291
0.056504
0.850031
0.869618
0.652234
0.259189
0.286450
0.933291
0.184166
0.251599
0.244226
0.540215
0.169626
0.318170
0.318170
0.933291
0.538964
0.204958
0.376508
0.114141
0.242816
0.760280
0.011021
0.999306
0.933291
0.760280
0.775996
0.880775
0.775996
0.288341
0.340676
0.204881
0.453005
0.999306
0.146533
0.538964
0.804063
0.148357
0.775996
0.542093
0.724734
0.204881
0.242816
0.999306
0.180995
0.540215
0.850031
0.259189
0.146533
0.069471
0.625833
0.410048
0.869618
0.901071
0.625833
0.251599
0.582016
0.421932
0.582016
0.376508
0.901071
0.760280
0.114141
0.029095
0.010046
0.625833
0.307545
0.334810
0.880775
0.804063
0.259189
0.750946
0.558457
0.933291
0.558457
0.184166
0.073215
0.138181
0.760280
0.582016
0.114141
0.760280
0.061703
0.334810
0.424879
0.933291
0.334810
0.760280
0.760280
0.804063
0.124934
0.540215
0.804063
0.154199
0.652234
0.021620
0.582016
0.286450
0.149910
0.251599
0.259189
0.607495
0.148357
0.607495
0.172803
0.184166
0.126979
0.880775
0.424879
0.353957
0.453005
0.850031
0.869618
0.933291
0.035101
0.850031
0.933291
0.540215
0.760280
0.750946
0.901071
0.750946
0.421932
0.558457
0.029824
0.197804
0.035101
0.404236
0.869618
0.543567
0.068193
0.625833
0.558457
0.933291
0.307545
0.421932
0.378994
0.869618
0.540215
0.251599
0.637543
0.138181
0.582016
0.421932
0.593812
0.378994
0.061703
0.933291
0.850031
0.197804
0.506282
0.318170
0.259189
0.652234
0.540215
0.039306
0.410048
0.880775
0.334810
0.760280
0.318170
0.999306
0.999306
0.850031
0.378994
0.251599
0.603988
0.804063
0.538964
0.607495
0.353957
0.353957
0.060267
0.085344
0.652234
0.880775
0.404236
0.182118
0.410048
0.999306
0.353957
0.506282
0.607495
0.540215
0.376508
0.286450
0.262212
0.637543
0.318170
0.637543
0.804063
0.144013
0.056440
0.244226
0.625833
0.543567
0.850031
0.002656
0.506282
0.850031
0.092910
0.204881
0.376508
0.933291
0.775996
0.850031
0.288341
0.750946
0.804063
0.204881
0.760280
0.804063
0.340676
0.353957
0.538964
0.404236
0.750946
0.540215
0.506282
0.607495
0.168911
0.538964
0.318170
0.652234
0.880775
0.244226
0.724734
0.340676
0.880775
0.869618
0.251599
0.540215
0.880775
0.775996
0.262212
0.334810
0.582016
0.180995
0.259189
0.125418
0.376508
0.850031
0.540215
0.410048
0.933291
0.901071
0.506282
0.625833
0.540215
0.184166
0.540215
0.018584
0.933291
0.125418
0.424879
0.652234
0.060267
0.259189
0.869618
0.603988
0.760280
0.542093
0.538964
0.558457
0.021620
0.850031
0.124934
0.724734
0.625833
0.421932
0.607495
0.607495
0.506282
0.558457
0.558457
0.014139
0.146533
0.540215
0.424879
0.543567
0.540215
0.362250
0.760280
0.061825
0.052711
0.760280
0.603988
0.603988
0.880775
0.404236
0.724734
0.068193
0.652234
0.353957
0.933291
0.349605
0.933291
0.760280
0.850031
0.204881
0.625833
0.593812
0.061703
0.750946
0.022204
0.999306
0.933291
0.637543
0.353957
0.085344
0.724734
0.869618
0.068193
0.334810
0.850031
0.318170
0.288341
0.607495
0.760280
0.184166
0.120019
0.149910
0.204881
0.637543
0.760280
0.901071
0.204958
0.760280
0.014139
0.204881
0.410048
0.318170
0.750946
0.259189
0.424879
0.453005
0.204881
0.750946
0.506282
0.334810
0.101148
0.286450
0.353957
0.172803
0.540215
0.154199
0.244226
0.999306
0.750946
0.775996
0.061825
0.353957
0.760280
0.869618
0.593812
0.060267
0.540215
0.180995
0.087614
0.593812
0.933291
0.259189
0.999306
0.933291
0.184166
0.880775
0.288341
0.244226
0.933291
0.543567
0.750946
0.353957
0.421932
0.144013
0.760280
0.307545
0.901071
0.424879
0.540215
0.582016
0.652234
0.880775
0.724734
0.850031
0.543567
0.775996
0.259189
0.933291
0.775996
0.760280
0.850031
0.933291
0.542093
0.652234
0.652234
0.804063
0.999306
0.724734
0.334810
0.582016
0.999306
0.933291
0.558457
0.014139
0.353957
0.540215
0.933291
0.999306
0.880775
0.340676
0.251599
0.880775
0.180995
0.334810
0.424879
0.593812
0.933291
0.850031
0.750946
0.543567
0.804063
0.404236
0.543567
0.540215
0.542093
0.850031
0.286450
0.625833
0.543567
0.775996
0.061703
0.880775
0.880775
0.424879
0.184166
0.558457
0.334810
0.543567
0.760280
0.933291
0.603988
0.318170
0.061703
0.775996
0.933291
0.625833
0.543567
0.999306
0.869618
0.087614
0.262212
0.404236
0.421932
0.538964
0.184166
0.999306
0.607495
0.334810
0.120019
0.262212
0.068193
0.542093
0.334810
0.097617
0.933291
0.750946
0.349605
0.107098
0.334810
0.760280
0.637543
0.340676
0.543567
0.933291
0.760280
0.850031
0.850031
0.172803
0.453005
0.542093
0.362250
0.607495
0.286450
0.184166
0.637543
0.204881
0.750946
0.039200
0.869618
0.750946
0.724734
0.625833
0.880775
0.204881
0.168911
0.999306
0.603988
0.286450
0.069471
0.506282
0.542093
0.421932
0.242816
0.334810
0.069471
0.376508
0.999306
0.880775
0.850031
0.775996
0.081481
0.025428
0.582016
0.349605
0.334810
0.850031
0.880775
0.760280
0.349605
0.138181
0.421932
0.901071
0.901071
0.148357
0.625833
0.362250
0.540215
0.340676
0.003135
0.593812
0.850031
0.052954
0.933291
0.318170
0.182118
0.242816
0.607495
0.453005
0.180995
0.652234
0.850031
0.169626
0.607495
0.804063
0.410048
0.538964
0.204881
0.378994
0.061703
0.334810
0.376508
0.760280
0.804063
0.172803
0.138181
0.724734
0.558457
0.850031
0.880775
0.804063
0.543567
0.259189
0.000961
0.410048
0.607495
0.760280
0.029824
0.376508
0.760280
0.625833
0.056504
0.125418
0.104119
0.307545
0.724734
0.041858
0.259189
0.085344
0.933291
0.182118
0.204881
0.603988
0.051762
0.146533
0.126979
0.750946
0.340676
0.804063
0.538964
0.724734
0.901071
0.421932
0.353957
0.353957
0.004412
0.850031
0.901071
0.362250
0.933291
0.775996
0.538964
0.318170
0.262212
0.014139
0.999306
0.172803
0.318170
0.154199
0.421932
0.453005
0.750946
0.637543
0.378994
0.999306
0.168911
0.349605
0.999306
0.543567
0.540215
0.016654
0.901071
0.775996
0.092910
0.760280
0.025428
0.340676
0.259189
0.850031
0.869618
0.251599
0.637543
0.349605
0.061703
0.259189
0.307545
0.603988
0.087614
0.404236
0.410048
0.168911
0.542093
0.288341
0.376508
0.184166
0.410048
0.933291
0.540215
0.542093
0.603988
0.168911
0.582016
0.540215
0.607495
0.804063
0.048250
0.542093
0.933291
0.334810
0.362250
0.880775
0.775996
0.073215
0.204881
0.410048
0.637543
0.724734
0.724734
0.334810
0.933291
0.540215
0.724734
0.085344
0.625833
0.144013
0.259189
0.453005
0.625833
0.637543
0.540215
0.880775
0.144013
0.538964
0.169626
0.543567
0.933291
0.014139
0.353957
0.286450
0.244226
0.126979
0.538964
0.775996
0.184166
0.204958
0.543567
0.869618
0.114141
0.114141
0.378994
0.318170
0.184166
0.593812
0.288341
0.850031
0.558457
0.376508
0.933291
0.410048
0.424879
0.126979
0.061825
0.506282
0.538964
0.334810
0.120019
0.542093
0.540215
0.637543
0.094066
0.376508
0.376508
0.540215
0.933291
0.259189
0.148357
0.540215
0.061703
0.318170
0.421932
0.850031
0.538964
0.607495
0.543567
0.334810
0.542093
0.506282
0.506282
0.869618
0.558457
0.424879
0.933291
0.307545
0.760280
0.869618
0.421932
0.092910
0.182118
0.582016
0.349605
0.724734
0.933291
0.582016
0.750946
0.593812
0.760280
0.094066
0.107098
0.353957
0.804063
0.933291
0.760280
0.168911
0.453005
0.204881
0.029095
0.999306
0.850031
0.625833
0.933291
0.901071
0.901071
0.424879
0.607495
0.410048
0.353957
0.760280
0.607495
0.804063
0.652234
0.760280
0.029824
0.404236
0.933291
0.180995
0.424879
0.637543
0.607495
0.593812
0.804063
0.540215
0.362250
0.244226
0.999306
0.593812
0.318170
0.543567
0.172803
0.259189
0.625833
0.901071
0.242816
0.506282
0.068193
0.775996
0.850031
0.750946
0.061703
0.353957
0.804063
0.933291
0.048250
0.288341
0.506282
0.318170
0.353957
0.184166
0.804063
0.933291
0.424879
0.933291
0.506282
0.760280
0.318170
0.404236
0.286450
0.404236
0.506282
0.540215
0.318170
0.869618
0.124934
0.056440
0.933291
0.775996
0.376508
0.410048
0.760280
0.334810
0.540215
0.538964
0.180995
0.603988
0.540215
0.724734
0.129954
0.340676
0.404236
0.114141
0.318170
0.017356
0.558457
0.421932
0.540215
0.637543
0.637543
0.453005
0.603988
0.880775
0.286450
0.349605
0.133771
0.775996
0.104119
0.242816
0.011228
0.362250
0.421932
0.029095
0.603988
0.880775
0.204958
0.362250
0.558457
0.775996
0.125418
0.850031
0.168911
0.652234
0.750946
0.104119
0.288341
0.582016
0.197804
0.850031
0.760280
0.032367
0.540215
0.999306
0.637543
0.652234
0.063249
0.138181
0.180995
0.880775
0.593812
0.880775
0.760280
0.933291
0.097617
0.453005
0.506282
0.637543
0.558457
0.004285
0.543567
0.204881
0.607495
0.933291
0.244226
0.069471
0.288341
0.318170
0.259189
0.169626
0.760280
0.933291
0.184166
0.069471
0.603988
0.353957
0.101148
0.334810
0.307545
0.056504
0.410048
0.750946
0.204881
0.933291
0.538964
0.125418
0.404236
0.204958
0.378994
0.775996
0.593812
0.933291
0.349605
0.850031
0.637543
0.933291
0.184166
0.558457
0.404236
0.625833
0.542093
0.180995
0.288341
0.637543
0.637543
0.180995
0.652234
0.760280
0.724734
0.010046
0.197804
0.353957
0.069471
0.154199
0.880775
0.869618
0.340676
0.724734
0.204881
0.582016
0.540215
0.637543
0.869618
0.558457
0.760280
0.542093
0.999306
0.760280
0.288341
0.244226
0.424879
0.999306
0.652234
0.933291
0.999306
0.542093
0.259189
0.349605
0.760280
0.007244
0.286450
0.603988
0.453005
0.126979
0.378994
0.607495
0.760280
0.540215
0.625833
0.286450
0.775996
0.607495
0.114141
0.543567
0.607495
0.242816
0.286450
0.750946
0.850031
0.869618
0.138181
0.506282
0.540215
0.850031
0.421932
0.259189
0.244226
0.168911
0.625833
0.760280
0.410048
0.593812
0.760280
0.180995
0.901071
0.637543
0.148357
0.410048
0.775996
0.410048
0.334810
0.933291
0.538964
0.126979
0.540215
0.036779
0.538964
0.378994
0.340676
0.180995
0.582016
0.850031
0.043929
0.251599
0.204958
0.880775
0.999306
0.168911
0.424879
0.901071
0.180995
0.603988
0.340676
0.068644
0.538964
0.353957
0.029095
0.933291
0.172803
0.242816
0.242816
0.259189
0.543567
0.760280
0.259189
0.085344
0.286450
0.724734
0.880775
0.542093
0.421932
0.542093
0.184166
0.070686
0.760280
0.543567
0.334810
0.184166
0.068193
0.138181
0.540215
0.061703
0.353957
0.760280
0.850031
0.603988
0.750946
0.999306
0.540215
0.850031
0.144013
0.182118
0.259189
0.542093
0.169626
0.154199
0.607495
0.933291
0.538964
0.286450
0.353957
0.558457
0.286450
0.424879
0.334810
0.376508
0.340676
0.999306
0.307545
0.538964
0.180995
0.999306
0.850031
0.024922
0.760280
0.933291
0.760280
0.901071
0.410048
0.760280
0.603988
0.133771
0.424879
0.353957
0.804063
0.453005
0.582016
0.204881
0.034099
0.506282
0.901071
0.039306
0.607495
0.558457
0.007244
0.637543
0.244226
0.453005
0.933291
0.087614
0.506282
0.506282
0.251599
0.637543
0.540215
0.318170
0.543567
0.582016
0.542093
0.029095
0.850031
0.288341
0.061825
0.376508
0.125418
0.724734
0.607495
0.804063
0.060267
0.061703
0.073215
0.933291
0.543567
0.724734
0.850031
0.750946
0.582016
0.353957
0.652234
0.999306
0.775996
0.760280
0.169626
0.404236
0.540215
0.775996
0.362250
0.603988
0.901071
0.582016
0.244226
0.760280
0.307545
0.637543
0.901071
0.362250
0.804063
0.999306
0.582016
0.775996
0.593812
0.901071
0.582016
0.999306
0.880775
0.625833
0.376508
0.558457
0.024922
0.318170
0.242816
0.172803
0.318170
0.607495
0.750946
0.114141
0.880775
0.724734
0.724734
0.318170
0.184166
0.850031
0.558457
0.068644
0.453005
0.540215
0.933291
0.538964
0.097617
0.540215
0.334810
0.286450
0.880775
0.404236
0.538964
0.880775
0.750946
0.169626
0.540215
0.014139
0.184166
0.607495
0.204881
0.933291
0.901071
0.637543
0.204958
0.259189
0.353957
0.804063
0.376508
0.724734
0.538964
0.593812
0.039472
0.101148
0.068644
0.340676
0.017356
0.999306
0.378994
0.582016
0.760280
0.637543
0.850031
0.061825
0.750946
0.540215
0.259189
0.184166
0.126979
0.180995
0.169626
0.603988
0.543567
0.180995
0.172803
0.999306
0.637543
0.933291
0.933291
0.999306
0.901071
0.724734
0.120019
0.068193
0.850031
0.603988
0.637543
0.901071
0.286450
0.340676
0.168911
0.603988
0.244226
0.724734
0.318170
0.404236
0.850031
0.262212
0.724734
0.880775
0.603988
0.204881
0.775996
0.288341
0.318170
0.850031
0.125418
0.318170
0.603988
0.558457
0.542093
0.362250
0.750946
0.538964
0.603988
0.410048
0.376508
0.172803
0.558457
0.637543
0.114141
0.543567
0.804063
0.034099
0.506282
0.593812
0.582016
0.318170
0.933291
0.625833
0.138181
0.184166
0.259189
0.421932
0.724734
0.804063
0.061703
0.603988
0.133771
0.652234
0.125418
0.056440
0.901071
0.259189
0.349605
0.880775
0.353957
0.242816
0.933291
0.204881
0.120019
0.126979
0.933291
0.880775
0.760280
0.804063
0.760280
0.244226
0.933291
0.144013
0.760280
0.760280
0.424879
0.933291
0.607495
0.625833
0.126979
0.410048
0.607495
0.334810
0.603988
0.540215
0.775996
0.307545
0.180995
0.637543
0.085344
0.724734
0.056504
0.775996
0.169626
0.334810
0.060267
0.378994
0.869618
0.933291
0.376508
0.378994
0.092910
0.048250
0.750946
0.933291
0.334810
0.652234
0.204881
0.003823
0.999306
0.607495
0.318170
0.760280
0.724734
0.262212
0.582016
0.307545
0.933291
0.334810
0.362250
0.184166
0.334810
0.107098
0.378994
0.901071
0.362250
0.850031
0.307545
0.506282
0.353957
0.081481
0.582016
0.593812
0.901071
0.340676
0.259189
0.349605
0.043540
0.002720
0.880775
0.318170
0.760280
0.724734
0.506282
0.850031
0.144013
0.607495
0.334810
0.288341
0.804063
0.242816
0.251599
0.063249
0.506282
0.540215
0.353957
0.880775
0.204881
0.169626
0.353957
0.750946
0.538964
0.933291
0.880775
0.999306
0.724734
0.506282
0.724734
0.334810
0.850031
0.901071
0.340676
0.804063
0.637543
0.625833
0.750946
0.538964
0.540215
0.558457
0.637543
0.603988
0.933291
0.378994
0.004188
0.593812
0.353957
0.933291
0.607495
0.933291
0.349605
0.933291
0.378994
0.540215
0.933291
0.506282
0.538964
0.760280
0.901071
0.652234
0.421932
0.353957
0.424879
0.168911
0.410048
0.286450
0.607495
0.538964
0.625833
0.543567
0.114141
0.603988
0.750946
0.750946
0.349605
0.775996
0.042379
0.804063
0.540215
0.750946
0.061703
0.410048
0.869618
0.092910
0.933291
0.850031
0.172803
0.724734
0.880775
0.607495
0.180995
0.148357
0.334810
0.349605
0.340676
0.804063
0.184166
0.318170
0.068644
0.637543
0.353957
0.259189
0.760280
0.015511
0.625833
0.259189
0.652234
0.404236
0.453005
0.244226
0.048250
0.603988
0.114141
0.378994
0.933291
0.760280
0.259189
0.652234
0.056440
0.376508
0.933291
0.775996
0.538964
0.114141
0.724734
0.204881
0.582016
0.933291
0.002020
0.318170
0.760280
0.933291
0.024922
0.933291
0.016654
0.081481
0.775996
0.603988
0.760280
0.353957
0.376508
0.146533
0.625833
0.009740
0.582016
0.068644
0.259189
0.582016
0.543567
0.124934
0.288341
0.048250
0.154199
0.933291
0.999306
0.593812
0.652234
0.540215
0.540215
0.607495
0.138181
0.538964
0.288341
0.850031
0.120019
0.340676
0.204881
0.850031
0.180995
0.094066
0.607495
0.259189
0.593812
0.340676
0.244226
0.204881
0.376508
0.933291
0.204958
0.410048
0.543567
0.999306
0.114141
0.593812
0.880775
0.775996
0.625833
0.014387
0.593812
0.349605
0.376508
0.540215
0.540215
0.353957
0.453005
0.114141
0.625833
0.760280
0.334810
0.410048
0.404236
0.880775
0.149910
0.244226
0.029354
0.184166
0.353957
0.362250
0.540215
0.933291
0.933291
0.180995
0.068193
0.133771
0.353957
0.318170
0.114141
0.607495
0.085344
0.933291
0.068644
0.901071
0.011021
0.146533
0.184166
0.129954
0.652234
0.506282
0.760280
0.850031
0.804063
0.542093
0.637543
0.999306
0.025428
0.148357
0.880775
0.760280
0.016348
0.349605
0.724734
0.593812
0.724734
0.543567
0.052711
0.543567
0.453005
0.933291
0.804063
0.901071
0.760280
0.750946
0.760280
0.056440
0.582016
0.901071
0.538964
0.901071
0.424879
0.101148
0.204958
0.750946
0.421932
0.869618
0.129954
0.543567
0.259189
0.593812
0.607495
0.901071
0.058547
0.999306
0.540215
0.024969
0.184166
0.307545
0.999306
0.058547
0.933291
0.540215
0.353957
0.869618
0.251599
0.259189
0.593812
0.901071
0.607495
0.760280
0.593812
0.410048
0.017356
0.652234
0.542093
0.251599
0.999306
0.424879
0.750946
0.259189
0.378994
0.244226
0.288341
0.607495
0.126979
0.042379
0.652234
0.251599
0.318170
0.933291
0.506282
0.204881
0.542093
0.760280
0.031516
0.850031
0.582016
0.880775
0.724734
0.804063
0.288341
0.804063
0.750946
0.288341
0.286450
0.061703
0.052711
0.625833
0.017356
0.880775
0.286450
0.362250
0.933291
0.340676
0.242816
0.376508
0.204881
0.126979
0.092910
0.133771
0.901071
0.334810
0.124934
0.850031
0.850031
0.750946
0.582016
0.775996
0.184166
0.410048
0.850031
0.625833
0.146533
0.378994
0.184166
0.182118
0.603988
0.288341
0.880775
0.543567
0.288341
0.540215
0.603988
0.933291
0.869618
0.540215
0.775996
0.999306
0.558457
0.101148
0.933291
0.724734
0.901071
0.869618
0.334810
0.063249
0.760280
0.542093
0.404236
0.085344
0.869618
0.204881
0.775996
0.760280
0.104119
0.169626
0.204881
0.850031
0.850031
0.804063
0.804063
0.933291
0.204881
0.637543
0.880775
0.506282
0.353957
0.506282
0.933291
0.637543
0.999306
0.760280
0.378994
0.760280
0.760280
0.197804
0.933291
0.410048
0.353957
0.362250
0.003940
0.340676
0.362250
0.120019
0.204881
0.850031
0.182118
0.376508
0.197804
0.424879
0.593812
0.421932
0.850031
0.146533
0.036779
0.543567
0.307545
0.850031
0.760280
0.593812
0.652234
0.804063
0.154199
0.652234
0.034099
0.540215
0.543567
0.542093
0.901071
0.242816
0.506282
0.850031
0.421932
0.775996
0.101148
0.558457
0.603988
0.362250
0.334810
0.286450
0.724734
0.652234
0.144013
0.880775
0.750946
0.334810
0.760280
0.453005
0.750946
0.114141
0.538964
0.340676
0.288341
0.637543
0.061703
0.558457
0.029824
0.637543
0.637543
0.933291
0.154199
0.901071
0.724734
0.259189
0.124934
0.607495
0.558457
0.288341
0.901071
0.933291
0.013312
0.421932
0.999306
0.652234
0.349605
0.603988
0.334810
0.538964
0.259189
0.318170
0.850031
0.087614
0.582016
0.334810
0.999306
0.603988
0.114141
0.880775
0.869618
0.101148
0.804063
0.933291
0.172803
0.724734
0.124934
0.933291
0.933291
0.307545
0.180995
0.540215
0.362250
0.001494
0.014139
0.506282
0.204881
0.543567
0.172803
0.070686
0.775996
0.340676
0.593812
0.043929
0.804063
0.340676
0.453005
0.120019
0.603988
0.349605
0.880775
0.288341
0.652234
0.003571
0.750946
0.603988
0.288341
0.750946
0.144013
0.259189
0.540215
0.999306
0.933291
0.607495
0.603988
0.593812
0.334810
0.081481
0.018584
0.593812
0.760280
0.242816
0.750946
0.933291
0.334810
0.593812
0.760280
0.204881
0.582016
0.182118
0.582016
0.933291
0.901071
0.340676
0.340676
0.880775
0.169626
0.582016
0.421932
0.540215
0.607495
0.724734
0.593812
0.582016
0.543567
0.869618
0.582016
0.603988
0.760280
0.637543
0.607495
0.880775
0.349605
0.607495
0.288341
0.750946
0.081481
0.244226
0.061703
0.376508
0.307545
0.085344
0.114141
0.421932
0.593812
0.197804
0.558457
0.558457
0.933291
0.999306
0.760280
0.453005
0.750946
0.353957
0.558457
0.558457
0.850031
0.543567
0.901071
0.204958
0.538964
0.003366
0.288341
0.850031
0.242816
0.775996
0.124934
0.126979
0.288341
0.558457
0.540215
0.362250
0.353957
0.244226
0.506282
0.750946
0.424879
0.933291
0.804063
0.016828
0.760280
0.349605
0.775996
0.625833
0.154199
0.538964
0.558457
0.085344
0.197804
0.120019
0.724734
0.625833
0.750946
0.180995
0.652234
0.334810
0.182118
0.603988
0.114141
0.593812
0.286450
0.353957
0.652234
0.453005
0.242816
0.543567
0.318170
0.007100
0.340676
0.603988
0.850031
0.506282
0.933291
0.652234
0.085344
0.262212
0.538964
0.144013
0.593812
0.376508
0.750946
0.933291
0.804063
0.869618
0.775996
0.880775
0.506282
0.353957
0.039306
0.242816
0.804063
0.850031
0.453005
0.349605
0.506282
0.424879
0.869618
0.542093
0.410048
0.901071
0.012592
0.259189
0.014139
0.607495
0.625833
0.637543
0.085344
0.410048
0.625833
0.288341
0.558457
0.362250
0.880775
0.424879
0.092910
0.540215
0.760280
0.262212
0.012592
0.933291
0.850031
0.607495
0.353957
0.637543
0.804063
0.421932
0.114141
0.506282
0.506282
0.042020
0.625833
0.007244
0.540215
0.349605
0.149910
0.760280
0.869618
0.378994
0.603988
0.182118
0.775996
0.543567
0.073215
0.421932
0.138181
0.760280
0.880775
0.506282
0.540215
0.244226
0.251599
0.353957
0.334810
0.410048
0.097617
0.603988
0.197804
0.775996
0.424879
0.933291
0.880775
0.180995
0.244226
0.148357
0.180995
0.204881
0.999306
0.318170
0.340676
0.652234
0.318170
0.775996
0.362250
0.999306
0.933291
0.340676
0.760280
0.114141
0.334810
0.625833
0.092910
0.126979
0.933291
0.760280
0.558457
0.334810
0.540215
0.933291
0.999306
0.637543
0.933291
0.933291
0.869618
0.724734
0.349605
0.353957
0.129954
0.724734
0.404236
0.032367
0.154199
0.262212
0.288341
0.097617
0.288341
0.804063
0.880775
0.558457
0.204881
0.242816
0.750946
0.880775
0.538964
0.652234
0.637543
0.538964
0.933291
0.029095
0.286450
0.637543
0.760280
0.307545
0.804063
0.880775
0.637543
0.242816
0.424879
0.850031
0.933291
0.543567
0.933291
0.775996
0.138181
0.804063
0.750946
0.052711
0.421932
0.349605
0.760280
0.288341
0.114141
0.129954
0.850031
0.506282
0.652234
0.999306
0.259189
0.540215
0.404236
0.880775
0.424879
0.607495
0.184166
0.168911
0.362250
0.506282
0.107098
0.999306
0.850031
0.506282
0.182118
0.933291
0.061825
0.724734
0.069471
0.760280
0.760280
0.144013
0.933291
0.540215
0.869618
0.197804
0.542093
0.259189
0.593812
0.318170
0.593812
0.542093
0.652234
0.750946
0.999306
0.901071
0.543567
0.180995
0.607495
0.901071
0.340676
0.593812
0.376508
0.558457
0.593812
0.558457
0.042020
0.362250
0.724734
0.453005
0.004285
0.334810
0.013312
0.760280
0.144013
0.593812
0.999306
0.034099
0.180995
0.760280
0.750946
0.582016
0.850031
0.107098
0.068193
0.259189
0.307545
0.760280
0.538964
0.880775
0.775996
0.750946
0.933291
0.933291
0.607495
0.047254
0.652234
0.724734
0.318170
0.353957
0.625833
0.043540
0.144013
0.061703
0.933291
0.125418
0.760280
0.999306
0.259189
0.069471
0.625833
0.538964
0.126979
0.081481
0.775996
0.169626
0.607495
0.061825
0.775996
0.035101
0.538964
0.869618
0.558457
0.376508
0.204881
0.850031
0.540215
0.061825
0.242816
0.760280
0.652234
0.154199
0.901071
0.288341
0.353957
0.421932
0.197804
0.506282
0.506282
0.637543
0.168911
0.607495
0.421932
0.204958
0.804063
0.869618
0.114141
0.453005
0.637543
0.114141
0.603988
0.538964
0.775996
0.334810
0.850031
0.353957
0.625833
0.625833
0.775996
0.880775
0.204881
0.775996
0.097617
0.869618
0.307545
0.933291
0.901071
0.259189
0.603988
0.999306
0.353957
0.901071
0.376508
0.724734
0.259189
0.652234
0.184166
0.724734
0.760280
0.869618
0.724734
0.652234
0.362250
0.506282
0.069471
0.540215
0.724734
0.582016
0.999306
0.052711
0.582016
0.603988
0.933291
0.410048
0.933291
0.999306
0.506282
0.582016
0.421932
0.073215
0.750946
0.204881
0.149910
0.107098
0.933291
0.850031
0.933291
0.999306
0.652234
0.582016
0.880775
0.933291
0.869618
0.453005
0.933291
0.607495
0.043929
0.933291
0.353957
0.540215
0.349605
0.880775
0.880775
0.901071
0.259189
0.318170
0.933291
0.058547
0.607495
0.204881
0.410048
0.410048
0.999306
0.869618
0.999306
0.603988
0.933291
0.750946
0.558457
0.021289
0.404236
0.334810
0.880775
0.126979
0.251599
0.506282
0.593812
0.999306
0.625833
0.582016
0.169626
0.259189
0.538964
0.999306
0.582016
0.097617
0.850031
0.750946
0.933291
0.543567
0.506282
0.652234
0.182118
0.404236
0.999306
0.506282
0.034099
0.307545
0.607495
0.251599
0.760280
0.933291
0.775996
0.286450
0.288341
0.582016
0.603988
0.340676
0.999306
0.880775
0.901071
0.197804
0.625833
0.353957
0.334810
0.133771
0.421932
0.318170
0.603988
0.582016
0.933291
0.353957
0.087614
0.204881
0.869618
0.582016
0.242816
0.029095
0.760280
0.149910
0.004285
0.850031
0.603988
0.288341
0.353957
0.353957
0.869618
0.933291
0.353957
0.001494
0.652234
0.376508
0.068193
0.603988
0.133771
0.424879
0.184166
0.180995
0.070686
0.625833
0.120019
0.146533
0.120019
0.031516
0.506282
0.999306
0.204881
0.019398
0.018584
0.775996
0.421932
0.362250
0.724734
0.334810
0.114141
0.652234
0.421932
0.558457
0.126979
0.453005
0.999306
0.760280
0.760280
0.901071
0.042020
0.933291
0.880775
0.880775
0.506282
0.001723
0.184166
0.061825
0.540215
0.353957
0.353957
0.016828
0.097617
0.453005
0.340676
0.593812
0.404236
0.424879
0.506282
0.378994
0.543567
0.869618
0.114141
0.376508
0.002656
0.404236
0.424879
0.724734
0.404236
0.097617
0.138181
0.869618
0.169626
0.724734
0.540215
0.750946
0.353957
0.018584
0.180995
0.506282
0.999306
0.362250
0.182118
0.804063
0.353957
0.104119
0.724734
0.637543
0.558457
0.933291
0.259189
0.204958
0.453005
0.506282
0.760280
0.016828
0.092910
0.353957
0.724734
0.543567
0.760280
0.060267
0.060267
0.126979
0.146533
0.362250
0.869618
0.362250
0.104119
0.625833
0.760280
0.637543
0.334810
0.506282
0.353957
0.068644
0.850031
0.760280
0.307545
0.652234
0.061825
0.999306
0.085344
0.933291
0.760280
0.933291
0.652234
0.724734
0.404236
0.804063
0.035101
0.340676
0.146533
0.168911
0.138181
0.542093
0.582016
0.259189
0.031516
0.259189
0.002720
0.538964
0.901071
0.999306
0.775996
0.850031
0.506282
0.760280
0.286450
0.593812
0.180995
0.340676
0.404236
0.421932
0.637543
0.056504
0.410048
0.004188
0.750946
0.197804
0.540215
0.543567
0.068644
0.999306
0.724734
0.999306
0.404236
0.760280
0.607495
0.999306
0.039472
0.334810
0.286450
0.933291
0.542093
0.760280
0.933291
0.603988
0.724734
0.149910
0.607495
0.288341
0.120019
0.085344
0.540215
0.349605
0.724734
0.318170
0.558457
0.120019
0.804063
0.169626
0.288341
0.724734
0.349605
0.251599
0.424879
0.068193
0.043540
0.750946
0.410048
0.750946
0.880775
0.724734
0.933291
0.421932
0.880775
0.850031
0.760280
0.334810
0.376508
0.362250
0.540215
0.410048
0.582016
0.060267
0.259189
0.760280
0.901071
0.869618
0.042020
0.850031
0.318170
0.933291
0.607495
0.251599
0.933291
0.085344
0.724734
0.124934
0.869618
0.933291
0.129954
0.259189
0.540215
0.340676
0.760280
0.538964
0.593812
0.603988
0.197804
0.637543
0.869618
0.750946
0.593812
0.262212
0.353957
0.869618
0.540215
0.850031
0.424879
0.850031
0.172803
0.933291
0.035101
0.362250
0.288341
0.126979
0.039472
0.869618
0.421932
0.625833
0.637543
0.180995
0.933291
0.603988
0.760280
0.073215
0.244226
0.242816
0.901071
0.453005
0.880775
0.999306
0.603988
0.593812
0.880775
0.760280
0.538964
0.378994
0.603988
0.148357
0.603988
0.180995
0.850031
0.593812
0.349605
0.376508
0.051762
0.378994
0.180995
0.750946
0.760280
0.421932
0.999306
0.318170
0.901071
0.724734
0.850031
0.259189
0.259189
0.251599
0.637543
0.582016
0.286450
0.353957
0.197804
0.010046
0.724734
0.582016
0.724734
0.307545
0.540215
0.593812
0.242816
0.039472
0.869618
0.540215
0.251599
0.538964
0.340676
0.775996
0.582016
0.288341
0.880775
0.506282
0.652234
0.760280
0.880775
0.933291
0.593812
0.362250
0.850031
0.558457
0.540215
0.760280
0.168911
0.850031
0.538964
0.104119
0.540215
0.081481
0.138181
0.288341
0.543567
0.376508
0.244226
0.288341
0.251599
0.593812
0.144013
0.850031
0.061825
0.540215
0.999306
0.775996
0.901071
0.582016
0.016348
0.804063
0.582016
0.085344
0.804063
0.538964
0.378994
0.029354
0.933291
0.288341
0.933291
0.593812
0.850031
0.125418
0.775996
0.138181
0.625833
0.607495
0.318170
0.340676
0.244226
0.933291
0.901071
0.120019
0.933291
0.334810
0.603988
0.204881
0.262212
0.244226
0.376508
0.869618
0.999306
0.288341
0.901071
0.869618
0.538964
0.104119
0.362250
0.362250
0.288341
0.760280
0.538964
0.543567
0.244226
0.593812
0.760280
0.353957
0.869618
0.542093
0.999306
0.603988
0.804063
0.542093
0.850031
0.307545
0.070686
0.880775
0.101148
0.378994
0.180995
0.453005
0.184166
0.540215
0.024969
0.259189
0.750946
0.353957
0.582016
0.060267
0.603988
0.804063
0.011966
0.244226
0.603988
0.376508
0.999306
0.378994
0.724734
0.184166
0.750946
0.542093
0.542093
0.880775
0.104119
0.184166
0.999306
0.043929
0.094066
0.184166
0.760280
0.901071
0.068644
0.180995
0.999306
0.542093
0.340676
0.008350
0.582016
0.376508
0.543567
0.542093
0.318170
0.869618
0.540215
0.204881
0.543567
0.023007
0.607495
0.453005
0.760280
0.760280
0.540215
0.869618
0.724734
0.410048
0.933291
0.146533
0.901071
0.146533
0.129954
0.307545
0.804063
0.184166
0.410048
0.540215
0.933291
0.760280
0.750946
0.593812
0.933291
0.126979
0.204881
0.204881
0.376508
0.850031
0.593812
0.168911
0.637543
0.850031
0.061825
0.625833
0.538964
0.334810
0.542093
0.775996
0.652234
0.901071
0.869618
0.184166
0.197804
0.607495
0.259189
0.542093
0.582016
0.760280
0.538964
0.542093
0.542093
0.558457
0.775996
0.724734
0.424879
0.582016
0.652234
0.044132
0.453005
0.138181
0.582016
0.378994
0.204881
0.652234
0.593812
0.010046
0.180995
0.421932
0.933291
0.259189
0.558457
0.168911
0.048250
0.542093
0.259189
0.421932
0.750946
0.039472
0.288341
0.607495
0.024922
0.318170
0.506282
0.558457
0.804063
0.353957
0.001587
0.869618
0.506282
0.453005
0.004293
0.750946
0.506282
0.637543
0.750946
0.760280
0.376508
0.318170
0.880775
0.376508
0.144013
0.603988
0.540215
0.880775
0.307545
0.724734
0.538964
0.933291
0.637543
0.318170
0.750946
0.607495
0.901071
0.242816
0.047254
0.340676
0.760280
0.558457
0.404236
0.184166
0.933291
0.607495
0.003135
0.804063
0.775996
0.061825
0.850031
0.933291
0.286450
0.362250
0.850031
0.603988
0.259189
0.593812
0.011228
0.506282
0.637543
0.318170
0.593812
0.204881
0.933291
0.506282
0.543567
0.869618
0.652234
0.880775
0.933291
0.850031
0.999306
0.933291
0.750946
0.378994
0.421932
0.061703
0.582016
0.376508
0.593812
0.404236
0.453005
0.149910
0.318170
0.172803
0.184166
0.016828
0.582016
0.538964
0.286450
0.039472
0.410048
0.349605
0.593812
0.850031
0.182118
0.652234
0.029354
0.724734
0.603988
0.869618
0.901071
0.543567
0.288341
0.637543
0.029095
0.869618
0.850031
0.933291
0.307545
0.016828
0.652234
0.107098
0.410048
0.410048
0.006226
0.625833
0.760280
0.582016
0.259189
0.068193
0.126979
0.775996
0.124934
0.197804
0.169626
0.107098
0.453005
0.750946
0.120019
0.582016
0.353957
0.318170
0.543567
0.625833
0.180995
0.540215
0.039200
0.850031
0.146533
0.172803
0.850031
0.378994
0.901071
0.625833
0.318170
0.804063
0.540215
0.251599
0.540215
0.607495
0.404236
0.421932
0.637543
0.149910
0.850031
0.933291
0.540215
0.244226
0.133771
0.543567
0.011833
0.204881
0.421932
0.029095
0.424879
0.259189
0.540215
0.149910
0.933291
0.538964
0.120019
0.085344
0.933291
0.593812
0.204958
0.146533
0.052711
0.933291
0.421932
0.318170
0.625833
0.097617
0.775996
0.404236
0.933291
0.017356
0.180995
0.180995
0.051762
0.506282
0.133771
0.421932
0.184166
0.543567
0.804063
0.007100
0.318170
0.850031
0.353957
0.421932
0.775996
0.376508
0.094066
0.750946
0.097617
0.288341
0.901071
0.542093
0.362250
0.637543
0.607495
0.014139
0.850031
0.286450
0.850031
0.901071
0.044132
0.104119
0.376508
0.204881
0.349605
0.404236
0.724734
0.421932
0.362250
0.453005
0.750946
0.378994
0.652234
0.058547
0.760280
0.869618
0.410048
0.410048
0.901071
0.204881
0.144013
0.540215
0.149910
0.760280
0.288341
0.869618
0.538964
0.421932
0.540215
0.901071
0.603988
0.724734
0.880775
0.204881
0.353957
0.538964
0.424879
0.410048
0.540215
0.880775
0.880775
0.404236
0.804063
0.542093
0.114141
0.933291
0.901071
0.024969
0.880775
0.180995
0.184166
0.999306
0.760280
0.760280
0.593812
0.506282
0.182118
0.004285
0.760280
0.172803
0.652234
0.760280
0.081481
0.353957
0.126979
0.804063
0.901071
0.334810
0.724734
0.453005
0.114141
0.775996
0.307545
0.259189
0.750946
0.251599
0.244226
0.039306
0.775996
0.058547
0.607495
0.869618
0.349605
0.625833
0.593812
0.114141
0.349605
0.582016
0.750946
0.000661
0.404236
0.404236
0.068644
0.637543
0.775996
0.318170
0.540215
0.804063
0.039200
0.506282
0.593812
0.869618
0.288341
0.607495
0.869618
0.542093
0.288341
0.540215
0.169626
0.880775
0.850031
0.999306
0.760280
0.543567
0.172803
0.410048
0.760280
0.538964
0.421932
0.286450
0.760280
0.453005
0.933291
0.097617
0.353957
0.880775
0.087614
0.353957
0.540215
0.114141
0.750946
0.182118
0.652234
0.933291
0.542093
0.182118
0.933291
0.016828
0.760280
0.506282
0.999306
0.760280
0.933291
0.286450
0.035101
0.637543
0.850031
0.404236
0.999306
0.032367
0.453005
0.603988
0.543567
0.410048
0.760280
0.652234
0.307545
0.340676
0.582016
0.760280
0.540215
0.421932
0.880775
0.775996
0.880775
0.901071
0.180995
0.724734
0.349605
0.999306
0.540215
0.376508
0.070686
0.543567
0.901071
0.850031
0.048250
0.318170
0.068193
0.024922
0.087614
0.307545
0.126979
0.424879
0.999306
0.506282
0.184166
0.180995
0.126979
0.318170
0.063249
0.540215
0.133771
0.760280
0.775996
0.353957
0.850031
0.262212
0.542093
0.760280
0.652234
0.124934
0.506282
0.760280
0.999306
0.607495
0.869618
0.933291
0.880775
0.880775
0.092910
0.340676
0.652234
0.901071
0.182118
0.124934
0.288341
0.540215
0.506282
0.625833
0.180995
0.039472
0.933291
0.775996
0.184166
0.582016
0.540215
0.410048
0.410048
0.288341
0.376508
0.869618
0.724734
0.353957
0.286450
0.097617
0.001107
0.540215
0.172803
0.999306
0.424879
0.540215
0.288341
0.901071
0.421932
0.307545
0.760280
0.149910
0.625833
0.750946
0.538964
0.262212
0.017356
0.251599
0.003571
0.125418
0.014139
0.146533
0.999306
0.775996
0.068193
0.126979
0.349605
0.453005
0.775996
0.540215
0.404236
0.126979
0.353957
0.424879
0.760280
0.180995
0.540215
0.107098
0.286450
0.850031
0.031516
0.453005
0.259189
0.125418
0.061703
0.625833
0.558457
0.625833
0.760280
0.349605
0.286450
0.340676
0.869618
0.453005
0.933291
0.068644
0.353957
0.340676
0.750946
0.126979
0.625833
0.421932
0.775996
0.933291
0.259189
0.318170
0.869618
0.410048
0.637543
0.169626
0.933291
0.424879
0.933291
0.204958
0.933291
0.901071
0.125418
0.999306
0.172803
0.593812
0.850031
0.607495
0.933291
0.880775
0.933291
0.506282
0.607495
0.625833
0.750946
0.775996
0.542093
0.453005
0.259189
0.652234
0.850031
0.353957
0.850031
0.172803
0.850031
0.901071
0.172803
0.760280
0.775996
0.168911
0.603988
0.869618
0.540215
0.901071
0.850031
0.056504
0.307545
0.129954
0.085344
0.933291
0.126979
0.286450
0.850031
0.607495
0.259189
0.404236
0.760280
0.850031
0.750946
0.582016
0.999306
0.850031
0.850031
0.760280
0.625833
